CGATS.17

ORIGINATOR	"i1Profiler - X-Rite, Inc."
INSTRUMENTATION	"i1Pro 2 ; Serial number 0"
DESCRIPTOR	"Chart 522 Patches"
FILTER	""
CREATED		"2020-05-25T13:37:56"

NUMBER_OF_FIELDS	5
BEGIN_DATA_FORMAT
SAMPLE_ID	SAMPLE_NAME	RGB_R	RGB_G	RGB_B	
END_DATA_FORMAT

NUMBER_OF_SETS	522
BEGIN_DATA
1	A1	    0.00	    0.00	    0.00	
2	A2	   36.00	    0.00	    0.00	
3	A3	   72.00	    0.00	    0.00	
4	A4	  109.00	    0.00	    0.00	
5	A5	  145.00	    0.00	    0.00	
6	A6	  182.00	    0.00	    0.00	
7	A7	  218.00	    0.00	    0.00	
8	A8	  255.00	    0.00	    0.00	
9	A9	    0.00	   36.00	    0.00	
10	A10	   36.00	   36.00	    0.00	
11	A11	   72.00	   36.00	    0.00	
12	A12	  109.00	   36.00	    0.00	
13	A13	  145.00	   36.00	    0.00	
14	A14	  182.00	   36.00	    0.00	
15	A15	  218.00	   36.00	    0.00	
16	A16	  255.00	   36.00	    0.00	
17	A17	    0.00	   72.00	    0.00	
18	A18	   36.00	   72.00	    0.00	
19	B1	   72.00	   72.00	    0.00	
20	B2	  109.00	   72.00	    0.00	
21	B3	  145.00	   72.00	    0.00	
22	B4	  182.00	   72.00	    0.00	
23	B5	  218.00	   72.00	    0.00	
24	B6	  255.00	   72.00	    0.00	
25	B7	    0.00	  109.00	    0.00	
26	B8	   36.00	  109.00	    0.00	
27	B9	   72.00	  109.00	    0.00	
28	B10	  109.00	  109.00	    0.00	
29	B11	  145.00	  109.00	    0.00	
30	B12	  182.00	  109.00	    0.00	
31	B13	  218.00	  109.00	    0.00	
32	B14	  255.00	  109.00	    0.00	
33	B15	    0.00	  145.00	    0.00	
34	B16	   36.00	  145.00	    0.00	
35	B17	   72.00	  145.00	    0.00	
36	B18	  109.00	  145.00	    0.00	
37	C1	  145.00	  145.00	    0.00	
38	C2	  182.00	  145.00	    0.00	
39	C3	  218.00	  145.00	    0.00	
40	C4	  255.00	  145.00	    0.00	
41	C5	    0.00	  182.00	    0.00	
42	C6	   36.00	  182.00	    0.00	
43	C7	   72.00	  182.00	    0.00	
44	C8	  109.00	  182.00	    0.00	
45	C9	  145.00	  182.00	    0.00	
46	C10	  182.00	  182.00	    0.00	
47	C11	  218.00	  182.00	    0.00	
48	C12	  255.00	  182.00	    0.00	
49	C13	    0.00	  218.00	    0.00	
50	C14	   36.00	  218.00	    0.00	
51	C15	   72.00	  218.00	    0.00	
52	C16	  109.00	  218.00	    0.00	
53	C17	  145.00	  218.00	    0.00	
54	C18	  182.00	  218.00	    0.00	
55	D1	  218.00	  218.00	    0.00	
56	D2	  255.00	  218.00	    0.00	
57	D3	    0.00	  255.00	    0.00	
58	D4	   36.00	  255.00	    0.00	
59	D5	   72.00	  255.00	    0.00	
60	D6	  109.00	  255.00	    0.00	
61	D7	  145.00	  255.00	    0.00	
62	D8	  182.00	  255.00	    0.00	
63	D9	  218.00	  255.00	    0.00	
64	D10	  255.00	  255.00	    0.00	
65	D11	    0.00	    0.00	   36.00	
66	D12	   36.00	    0.00	   36.00	
67	D13	   72.00	    0.00	   36.00	
68	D14	  109.00	    0.00	   36.00	
69	D15	  145.00	    0.00	   36.00	
70	D16	  182.00	    0.00	   36.00	
71	D17	  218.00	    0.00	   36.00	
72	D18	  255.00	    0.00	   36.00	
73	E1	    0.00	   36.00	   36.00	
74	E2	   36.00	   36.00	   36.00	
75	E3	   72.00	   36.00	   36.00	
76	E4	  109.00	   36.00	   36.00	
77	E5	  145.00	   36.00	   36.00	
78	E6	  182.00	   36.00	   36.00	
79	E7	  218.00	   36.00	   36.00	
80	E8	  255.00	   36.00	   36.00	
81	E9	    0.00	   72.00	   36.00	
82	E10	   36.00	   72.00	   36.00	
83	E11	   72.00	   72.00	   36.00	
84	E12	  109.00	   72.00	   36.00	
85	E13	  145.00	   72.00	   36.00	
86	E14	  182.00	   72.00	   36.00	
87	E15	  218.00	   72.00	   36.00	
88	E16	  255.00	   72.00	   36.00	
89	E17	    0.00	  109.00	   36.00	
90	E18	   36.00	  109.00	   36.00	
91	F1	   72.00	  109.00	   36.00	
92	F2	  109.00	  109.00	   36.00	
93	F3	  145.00	  109.00	   36.00	
94	F4	  182.00	  109.00	   36.00	
95	F5	  218.00	  109.00	   36.00	
96	F6	  255.00	  109.00	   36.00	
97	F7	    0.00	  145.00	   36.00	
98	F8	   36.00	  145.00	   36.00	
99	F9	   72.00	  145.00	   36.00	
100	F10	  109.00	  145.00	   36.00	
101	F11	  145.00	  145.00	   36.00	
102	F12	  182.00	  145.00	   36.00	
103	F13	  218.00	  145.00	   36.00	
104	F14	  255.00	  145.00	   36.00	
105	F15	    0.00	  182.00	   36.00	
106	F16	   36.00	  182.00	   36.00	
107	F17	   72.00	  182.00	   36.00	
108	F18	  109.00	  182.00	   36.00	
109	G1	  145.00	  182.00	   36.00	
110	G2	  182.00	  182.00	   36.00	
111	G3	  218.00	  182.00	   36.00	
112	G4	  255.00	  182.00	   36.00	
113	G5	    0.00	  218.00	   36.00	
114	G6	   36.00	  218.00	   36.00	
115	G7	   72.00	  218.00	   36.00	
116	G8	  109.00	  218.00	   36.00	
117	G9	  145.00	  218.00	   36.00	
118	G10	  182.00	  218.00	   36.00	
119	G11	  218.00	  218.00	   36.00	
120	G12	  255.00	  218.00	   36.00	
121	G13	    0.00	  255.00	   36.00	
122	G14	   36.00	  255.00	   36.00	
123	G15	   72.00	  255.00	   36.00	
124	G16	  109.00	  255.00	   36.00	
125	G17	  145.00	  255.00	   36.00	
126	G18	  182.00	  255.00	   36.00	
127	H1	  218.00	  255.00	   36.00	
128	H2	  255.00	  255.00	   36.00	
129	H3	    0.00	    0.00	   72.00	
130	H4	   36.00	    0.00	   72.00	
131	H5	   72.00	    0.00	   72.00	
132	H6	  109.00	    0.00	   72.00	
133	H7	  145.00	    0.00	   72.00	
134	H8	  182.00	    0.00	   72.00	
135	H9	  218.00	    0.00	   72.00	
136	H10	  255.00	    0.00	   72.00	
137	H11	    0.00	   36.00	   72.00	
138	H12	   36.00	   36.00	   72.00	
139	H13	   72.00	   36.00	   72.00	
140	H14	  109.00	   36.00	   72.00	
141	H15	  145.00	   36.00	   72.00	
142	H16	  182.00	   36.00	   72.00	
143	H17	  218.00	   36.00	   72.00	
144	H18	  255.00	   36.00	   72.00	
145	I1	    0.00	   72.00	   72.00	
146	I2	   36.00	   72.00	   72.00	
147	I3	   72.00	   72.00	   72.00	
148	I4	  109.00	   72.00	   72.00	
149	I5	  145.00	   72.00	   72.00	
150	I6	  182.00	   72.00	   72.00	
151	I7	  218.00	   72.00	   72.00	
152	I8	  255.00	   72.00	   72.00	
153	I9	    0.00	  109.00	   72.00	
154	I10	   36.00	  109.00	   72.00	
155	I11	   72.00	  109.00	   72.00	
156	I12	  109.00	  109.00	   72.00	
157	I13	  145.00	  109.00	   72.00	
158	I14	  182.00	  109.00	   72.00	
159	I15	  218.00	  109.00	   72.00	
160	I16	  255.00	  109.00	   72.00	
161	I17	    0.00	  145.00	   72.00	
162	I18	   36.00	  145.00	   72.00	
163	J1	   72.00	  145.00	   72.00	
164	J2	  109.00	  145.00	   72.00	
165	J3	  145.00	  145.00	   72.00	
166	J4	  182.00	  145.00	   72.00	
167	J5	  218.00	  145.00	   72.00	
168	J6	  255.00	  145.00	   72.00	
169	J7	    0.00	  182.00	   72.00	
170	J8	   36.00	  182.00	   72.00	
171	J9	   72.00	  182.00	   72.00	
172	J10	  109.00	  182.00	   72.00	
173	J11	  145.00	  182.00	   72.00	
174	J12	  182.00	  182.00	   72.00	
175	J13	  218.00	  182.00	   72.00	
176	J14	  255.00	  182.00	   72.00	
177	J15	    0.00	  218.00	   72.00	
178	J16	   36.00	  218.00	   72.00	
179	J17	   72.00	  218.00	   72.00	
180	J18	  109.00	  218.00	   72.00	
181	K1	  145.00	  218.00	   72.00	
182	K2	  182.00	  218.00	   72.00	
183	K3	  218.00	  218.00	   72.00	
184	K4	  255.00	  218.00	   72.00	
185	K5	    0.00	  255.00	   72.00	
186	K6	   36.00	  255.00	   72.00	
187	K7	   72.00	  255.00	   72.00	
188	K8	  109.00	  255.00	   72.00	
189	K9	  145.00	  255.00	   72.00	
190	K10	  182.00	  255.00	   72.00	
191	K11	  218.00	  255.00	   72.00	
192	K12	  255.00	  255.00	   72.00	
193	K13	    0.00	    0.00	  109.00	
194	K14	   36.00	    0.00	  109.00	
195	K15	   72.00	    0.00	  109.00	
196	K16	  109.00	    0.00	  109.00	
197	K17	  145.00	    0.00	  109.00	
198	K18	  182.00	    0.00	  109.00	
199	L1	  218.00	    0.00	  109.00	
200	L2	  255.00	    0.00	  109.00	
201	L3	    0.00	   36.00	  109.00	
202	L4	   36.00	   36.00	  109.00	
203	L5	   72.00	   36.00	  109.00	
204	L6	  109.00	   36.00	  109.00	
205	L7	  145.00	   36.00	  109.00	
206	L8	  182.00	   36.00	  109.00	
207	L9	  218.00	   36.00	  109.00	
208	L10	  255.00	   36.00	  109.00	
209	L11	    0.00	   72.00	  109.00	
210	L12	   36.00	   72.00	  109.00	
211	L13	   72.00	   72.00	  109.00	
212	L14	  109.00	   72.00	  109.00	
213	L15	  145.00	   72.00	  109.00	
214	L16	  182.00	   72.00	  109.00	
215	L17	  218.00	   72.00	  109.00	
216	L18	  255.00	   72.00	  109.00	
217	M1	    0.00	  109.00	  109.00	
218	M2	   36.00	  109.00	  109.00	
219	M3	   72.00	  109.00	  109.00	
220	M4	  109.00	  109.00	  109.00	
221	M5	  145.00	  109.00	  109.00	
222	M6	  182.00	  109.00	  109.00	
223	M7	  218.00	  109.00	  109.00	
224	M8	  255.00	  109.00	  109.00	
225	M9	    0.00	  145.00	  109.00	
226	M10	   36.00	  145.00	  109.00	
227	M11	   72.00	  145.00	  109.00	
228	M12	  109.00	  145.00	  109.00	
229	M13	  145.00	  145.00	  109.00	
230	M14	  182.00	  145.00	  109.00	
231	M15	  218.00	  145.00	  109.00	
232	M16	  255.00	  145.00	  109.00	
233	M17	    0.00	  182.00	  109.00	
234	M18	   36.00	  182.00	  109.00	
235	N1	   72.00	  182.00	  109.00	
236	N2	  109.00	  182.00	  109.00	
237	N3	  145.00	  182.00	  109.00	
238	N4	  182.00	  182.00	  109.00	
239	N5	  218.00	  182.00	  109.00	
240	N6	  255.00	  182.00	  109.00	
241	N7	    0.00	  218.00	  109.00	
242	N8	   36.00	  218.00	  109.00	
243	N9	   72.00	  218.00	  109.00	
244	N10	  109.00	  218.00	  109.00	
245	N11	  145.00	  218.00	  109.00	
246	N12	  182.00	  218.00	  109.00	
247	N13	  218.00	  218.00	  109.00	
248	N14	  255.00	  218.00	  109.00	
249	N15	    0.00	  255.00	  109.00	
250	N16	   36.00	  255.00	  109.00	
251	N17	   72.00	  255.00	  109.00	
252	N18	  109.00	  255.00	  109.00	
253	O1	  145.00	  255.00	  109.00	
254	O2	  182.00	  255.00	  109.00	
255	O3	  218.00	  255.00	  109.00	
256	O4	  255.00	  255.00	  109.00	
257	O5	    0.00	    0.00	  145.00	
258	O6	   36.00	    0.00	  145.00	
259	O7	   72.00	    0.00	  145.00	
260	O8	  109.00	    0.00	  145.00	
261	O9	  145.00	    0.00	  145.00	
262	O10	  182.00	    0.00	  145.00	
263	O11	  218.00	    0.00	  145.00	
264	O12	  255.00	    0.00	  145.00	
265	O13	    0.00	   36.00	  145.00	
266	O14	   36.00	   36.00	  145.00	
267	O15	   72.00	   36.00	  145.00	
268	O16	  109.00	   36.00	  145.00	
269	O17	  145.00	   36.00	  145.00	
270	O18	  182.00	   36.00	  145.00	
271	P1	  218.00	   36.00	  145.00	
272	P2	  255.00	   36.00	  145.00	
273	P3	    0.00	   72.00	  145.00	
274	P4	   36.00	   72.00	  145.00	
275	P5	   72.00	   72.00	  145.00	
276	P6	  109.00	   72.00	  145.00	
277	P7	  145.00	   72.00	  145.00	
278	P8	  182.00	   72.00	  145.00	
279	P9	  218.00	   72.00	  145.00	
280	P10	  255.00	   72.00	  145.00	
281	P11	    0.00	  109.00	  145.00	
282	P12	   36.00	  109.00	  145.00	
283	P13	   72.00	  109.00	  145.00	
284	P14	  109.00	  109.00	  145.00	
285	P15	  145.00	  109.00	  145.00	
286	P16	  182.00	  109.00	  145.00	
287	P17	  218.00	  109.00	  145.00	
288	P18	  255.00	  109.00	  145.00	
289	Q1	    0.00	  145.00	  145.00	
290	Q2	   36.00	  145.00	  145.00	
291	Q3	   72.00	  145.00	  145.00	
292	Q4	  109.00	  145.00	  145.00	
293	Q5	  145.00	  145.00	  145.00	
294	Q6	  182.00	  145.00	  145.00	
295	Q7	  218.00	  145.00	  145.00	
296	Q8	  255.00	  145.00	  145.00	
297	Q9	    0.00	  182.00	  145.00	
298	Q10	   36.00	  182.00	  145.00	
299	Q11	   72.00	  182.00	  145.00	
300	Q12	  109.00	  182.00	  145.00	
301	Q13	  145.00	  182.00	  145.00	
302	Q14	  182.00	  182.00	  145.00	
303	Q15	  218.00	  182.00	  145.00	
304	Q16	  255.00	  182.00	  145.00	
305	Q17	    0.00	  218.00	  145.00	
306	Q18	   36.00	  218.00	  145.00	
307	R1	   72.00	  218.00	  145.00	
308	R2	  109.00	  218.00	  145.00	
309	R3	  145.00	  218.00	  145.00	
310	R4	  182.00	  218.00	  145.00	
311	R5	  218.00	  218.00	  145.00	
312	R6	  255.00	  218.00	  145.00	
313	R7	    0.00	  255.00	  145.00	
314	R8	   36.00	  255.00	  145.00	
315	R9	   72.00	  255.00	  145.00	
316	R10	  109.00	  255.00	  145.00	
317	R11	  145.00	  255.00	  145.00	
318	R12	  182.00	  255.00	  145.00	
319	R13	  218.00	  255.00	  145.00	
320	R14	  255.00	  255.00	  145.00	
321	R15	    0.00	    0.00	  182.00	
322	R16	   36.00	    0.00	  182.00	
323	R17	   72.00	    0.00	  182.00	
324	R18	  109.00	    0.00	  182.00	
325	S1	  145.00	    0.00	  182.00	
326	S2	  182.00	    0.00	  182.00	
327	S3	  218.00	    0.00	  182.00	
328	S4	  255.00	    0.00	  182.00	
329	S5	    0.00	   36.00	  182.00	
330	S6	   36.00	   36.00	  182.00	
331	S7	   72.00	   36.00	  182.00	
332	S8	  109.00	   36.00	  182.00	
333	S9	  145.00	   36.00	  182.00	
334	S10	  182.00	   36.00	  182.00	
335	S11	  218.00	   36.00	  182.00	
336	S12	  255.00	   36.00	  182.00	
337	S13	    0.00	   72.00	  182.00	
338	S14	   36.00	   72.00	  182.00	
339	S15	   72.00	   72.00	  182.00	
340	S16	  109.00	   72.00	  182.00	
341	S17	  145.00	   72.00	  182.00	
342	S18	  182.00	   72.00	  182.00	
343	T1	  218.00	   72.00	  182.00	
344	T2	  255.00	   72.00	  182.00	
345	T3	    0.00	  109.00	  182.00	
346	T4	   36.00	  109.00	  182.00	
347	T5	   72.00	  109.00	  182.00	
348	T6	  109.00	  109.00	  182.00	
349	T7	  145.00	  109.00	  182.00	
350	T8	  182.00	  109.00	  182.00	
351	T9	  218.00	  109.00	  182.00	
352	T10	  255.00	  109.00	  182.00	
353	T11	    0.00	  145.00	  182.00	
354	T12	   36.00	  145.00	  182.00	
355	T13	   72.00	  145.00	  182.00	
356	T14	  109.00	  145.00	  182.00	
357	T15	  145.00	  145.00	  182.00	
358	T16	  182.00	  145.00	  182.00	
359	T17	  218.00	  145.00	  182.00	
360	T18	  255.00	  145.00	  182.00	
361	U1	    0.00	  182.00	  182.00	
362	U2	   36.00	  182.00	  182.00	
363	U3	   72.00	  182.00	  182.00	
364	U4	  109.00	  182.00	  182.00	
365	U5	  145.00	  182.00	  182.00	
366	U6	  182.00	  182.00	  182.00	
367	U7	  218.00	  182.00	  182.00	
368	U8	  255.00	  182.00	  182.00	
369	U9	    0.00	  218.00	  182.00	
370	U10	   36.00	  218.00	  182.00	
371	U11	   72.00	  218.00	  182.00	
372	U12	  109.00	  218.00	  182.00	
373	U13	  145.00	  218.00	  182.00	
374	U14	  182.00	  218.00	  182.00	
375	U15	  218.00	  218.00	  182.00	
376	U16	  255.00	  218.00	  182.00	
377	U17	    0.00	  255.00	  182.00	
378	U18	   36.00	  255.00	  182.00	
379	V1	   72.00	  255.00	  182.00	
380	V2	  109.00	  255.00	  182.00	
381	V3	  145.00	  255.00	  182.00	
382	V4	  182.00	  255.00	  182.00	
383	V5	  218.00	  255.00	  182.00	
384	V6	  255.00	  255.00	  182.00	
385	V7	    0.00	    0.00	  218.00	
386	V8	   36.00	    0.00	  218.00	
387	V9	   72.00	    0.00	  218.00	
388	V10	  109.00	    0.00	  218.00	
389	V11	  145.00	    0.00	  218.00	
390	V12	  182.00	    0.00	  218.00	
391	V13	  218.00	    0.00	  218.00	
392	V14	  255.00	    0.00	  218.00	
393	V15	    0.00	   36.00	  218.00	
394	V16	   36.00	   36.00	  218.00	
395	V17	   72.00	   36.00	  218.00	
396	V18	  109.00	   36.00	  218.00	
397	W1	  145.00	   36.00	  218.00	
398	W2	  182.00	   36.00	  218.00	
399	W3	  218.00	   36.00	  218.00	
400	W4	  255.00	   36.00	  218.00	
401	W5	    0.00	   72.00	  218.00	
402	W6	   36.00	   72.00	  218.00	
403	W7	   72.00	   72.00	  218.00	
404	W8	  109.00	   72.00	  218.00	
405	W9	  145.00	   72.00	  218.00	
406	W10	  182.00	   72.00	  218.00	
407	W11	  218.00	   72.00	  218.00	
408	W12	  255.00	   72.00	  218.00	
409	W13	    0.00	  109.00	  218.00	
410	W14	   36.00	  109.00	  218.00	
411	W15	   72.00	  109.00	  218.00	
412	W16	  109.00	  109.00	  218.00	
413	W17	  145.00	  109.00	  218.00	
414	W18	  182.00	  109.00	  218.00	
415	X1	  218.00	  109.00	  218.00	
416	X2	  255.00	  109.00	  218.00	
417	X3	    0.00	  145.00	  218.00	
418	X4	   36.00	  145.00	  218.00	
419	X5	   72.00	  145.00	  218.00	
420	X6	  109.00	  145.00	  218.00	
421	X7	  145.00	  145.00	  218.00	
422	X8	  182.00	  145.00	  218.00	
423	X9	  218.00	  145.00	  218.00	
424	X10	  255.00	  145.00	  218.00	
425	X11	    0.00	  182.00	  218.00	
426	X12	   36.00	  182.00	  218.00	
427	X13	   72.00	  182.00	  218.00	
428	X14	  109.00	  182.00	  218.00	
429	X15	  145.00	  182.00	  218.00	
430	X16	  182.00	  182.00	  218.00	
431	X17	  218.00	  182.00	  218.00	
432	X18	  255.00	  182.00	  218.00	
433	Y1	    0.00	  218.00	  218.00	
434	Y2	   36.00	  218.00	  218.00	
435	Y3	   72.00	  218.00	  218.00	
436	Y4	  109.00	  218.00	  218.00	
437	Y5	  145.00	  218.00	  218.00	
438	Y6	  182.00	  218.00	  218.00	
439	Y7	  218.00	  218.00	  218.00	
440	Y8	  255.00	  218.00	  218.00	
441	Y9	    0.00	  255.00	  218.00	
442	Y10	   36.00	  255.00	  218.00	
443	Y11	   72.00	  255.00	  218.00	
444	Y12	  109.00	  255.00	  218.00	
445	Y13	  145.00	  255.00	  218.00	
446	Y14	  182.00	  255.00	  218.00	
447	Y15	  218.00	  255.00	  218.00	
448	Y16	  255.00	  255.00	  218.00	
449	Y17	    0.00	    0.00	  255.00	
450	Y18	   36.00	    0.00	  255.00	
451	Z1	   72.00	    0.00	  255.00	
452	Z2	  109.00	    0.00	  255.00	
453	Z3	  145.00	    0.00	  255.00	
454	Z4	  182.00	    0.00	  255.00	
455	Z5	  218.00	    0.00	  255.00	
456	Z6	  255.00	    0.00	  255.00	
457	Z7	    0.00	   36.00	  255.00	
458	Z8	   36.00	   36.00	  255.00	
459	Z9	   72.00	   36.00	  255.00	
460	Z10	  109.00	   36.00	  255.00	
461	Z11	  145.00	   36.00	  255.00	
462	Z12	  182.00	   36.00	  255.00	
463	Z13	  218.00	   36.00	  255.00	
464	Z14	  255.00	   36.00	  255.00	
465	Z15	    0.00	   72.00	  255.00	
466	Z16	   36.00	   72.00	  255.00	
467	Z17	   72.00	   72.00	  255.00	
468	Z18	  109.00	   72.00	  255.00	
469	2A1	  145.00	   72.00	  255.00	
470	2A2	  182.00	   72.00	  255.00	
471	2A3	  218.00	   72.00	  255.00	
472	2A4	  255.00	   72.00	  255.00	
473	2A5	    0.00	  109.00	  255.00	
474	2A6	   36.00	  109.00	  255.00	
475	2A7	   72.00	  109.00	  255.00	
476	2A8	  109.00	  109.00	  255.00	
477	2A9	  145.00	  109.00	  255.00	
478	2A10	  182.00	  109.00	  255.00	
479	2A11	  218.00	  109.00	  255.00	
480	2A12	  255.00	  109.00	  255.00	
481	2A13	    0.00	  145.00	  255.00	
482	2A14	   36.00	  145.00	  255.00	
483	2A15	   72.00	  145.00	  255.00	
484	2A16	  109.00	  145.00	  255.00	
485	2A17	  145.00	  145.00	  255.00	
486	2A18	  182.00	  145.00	  255.00	
487	2B1	  218.00	  145.00	  255.00	
488	2B2	  255.00	  145.00	  255.00	
489	2B3	    0.00	  182.00	  255.00	
490	2B4	   36.00	  182.00	  255.00	
491	2B5	   72.00	  182.00	  255.00	
492	2B6	  109.00	  182.00	  255.00	
493	2B7	  145.00	  182.00	  255.00	
494	2B8	  182.00	  182.00	  255.00	
495	2B9	  218.00	  182.00	  255.00	
496	2B10	  255.00	  182.00	  255.00	
497	2B11	    0.00	  218.00	  255.00	
498	2B12	   36.00	  218.00	  255.00	
499	2B13	   72.00	  218.00	  255.00	
500	2B14	  109.00	  218.00	  255.00	
501	2B15	  145.00	  218.00	  255.00	
502	2B16	  182.00	  218.00	  255.00	
503	2B17	  218.00	  218.00	  255.00	
504	2B18	  255.00	  218.00	  255.00	
505	2C1	    0.00	  255.00	  255.00	
506	2C2	   36.00	  255.00	  255.00	
507	2C3	   72.00	  255.00	  255.00	
508	2C4	  109.00	  255.00	  255.00	
509	2C5	  145.00	  255.00	  255.00	
510	2C6	  182.00	  255.00	  255.00	
511	2C7	  218.00	  255.00	  255.00	
512	2C8	  255.00	  255.00	  255.00	
513	2C9	   51.00	   51.00	   51.00	
514	2C10	  102.00	  102.00	  102.00	
515	2C11	  153.00	  153.00	  153.00	
516	2C12	  204.00	  204.00	  204.00	
517	2C13	   72.00	    0.00	    0.00	
518	2C14	  182.00	    0.00	    0.00	
519	2C15	    0.00	   72.00	    0.00	
520	2C16	    0.00	  182.00	    0.00	
521	2C17	    0.00	    0.00	   72.00	
522	2C18	    0.00	    0.00	  182.00	
END_DATA
