scanner "Epson V850"  "Aug 11 2020 20:29:40"
gamma 1.585
grid_size 19
grid_dpi 10
 0.00000  0.00000  0.00000  0.00000  0.00000  0.00000  0.00000  0.00000  0.00000  0.00000  0.00000  0.00000  0.00000  0.00000  0.00000  0.00000  0.00000  0.00000  0.00000 
 0.00000  0.00000  0.00000  0.00000  0.00000  0.00000  0.00000  0.00000  0.00000  0.00000  0.00000  0.00000  0.00000  0.00000  0.00000  0.00000  0.00000  0.00000  0.00000 
 0.00001  0.00001  0.00001  0.00002  0.00002  0.00003  0.00004  0.00005  0.00008  0.00018  0.00008  0.00005  0.00004  0.00003  0.00002  0.00002  0.00001  0.00001  0.00001 
 0.00001  0.00001  0.00002  0.00003  0.00004  0.00005  0.00006  0.00009  0.00015  0.00032  0.00015  0.00009  0.00006  0.00005  0.00004  0.00003  0.00002  0.00001  0.00001 
 0.00003  0.00004  0.00006  0.00009  0.00012  0.00015  0.00020  0.00028  0.00046  0.00099  0.00046  0.00028  0.00020  0.00015  0.00012  0.00009  0.00006  0.00004  0.00003 
 0.00006  0.00007  0.00010  0.00016  0.00021  0.00025  0.00034  0.00048  0.00079  0.00171  0.00079  0.00048  0.00034  0.00025  0.00021  0.00016  0.00010  0.00007  0.00006 
 0.00010  0.00011  0.00018  0.00027  0.00036  0.00044  0.00059  0.00082  0.00136  0.00295  0.00136  0.00082  0.00059  0.00044  0.00036  0.00027  0.00018  0.00011  0.00010 
 0.00015  0.00018  0.00027  0.00042  0.00056  0.00068  0.00092  0.00126  0.00210  0.00456  0.00210  0.00126  0.00092  0.00068  0.00056  0.00042  0.00027  0.00018  0.00015 
 0.00022  0.00025  0.00039  0.00060  0.00081  0.00098  0.00132  0.00182  0.00302  0.00656  0.00302  0.00182  0.00132  0.00098  0.00081  0.00060  0.00039  0.00025  0.00022 
 0.00040  0.00047  0.00072  0.00110  0.00148  0.00179  0.00242  0.00334  0.00554  0.01204  0.00554  0.00334  0.00242  0.00179  0.00148  0.00110  0.00072  0.00047  0.00040 
 0.00022  0.00025  0.00039  0.00060  0.00081  0.00098  0.00132  0.00182  0.00302  0.00656  0.00302  0.00182  0.00132  0.00098  0.00081  0.00060  0.00039  0.00025  0.00022 
 0.00015  0.00018  0.00027  0.00042  0.00056  0.00068  0.00092  0.00126  0.00210  0.00456  0.00210  0.00126  0.00092  0.00068  0.00056  0.00042  0.00027  0.00018  0.00015 
 0.00010  0.00011  0.00018  0.00027  0.00036  0.00044  0.00059  0.00082  0.00136  0.00295  0.00136  0.00082  0.00059  0.00044  0.00036  0.00027  0.00018  0.00011  0.00010 
 0.00006  0.00007  0.00010  0.00016  0.00021  0.00025  0.00034  0.00048  0.00079  0.00171  0.00079  0.00048  0.00034  0.00025  0.00021  0.00016  0.00010  0.00007  0.00006 
 0.00003  0.00004  0.00006  0.00009  0.00012  0.00015  0.00020  0.00028  0.00046  0.00099  0.00046  0.00028  0.00020  0.00015  0.00012  0.00009  0.00006  0.00004  0.00003 
 0.00001  0.00001  0.00002  0.00003  0.00004  0.00005  0.00006  0.00009  0.00015  0.00032  0.00015  0.00009  0.00006  0.00005  0.00004  0.00003  0.00002  0.00001  0.00001 
 0.00001  0.00001  0.00001  0.00002  0.00002  0.00003  0.00004  0.00005  0.00008  0.00018  0.00008  0.00005  0.00004  0.00003  0.00002  0.00002  0.00001  0.00001  0.00001 
 0.00000  0.00000  0.00000  0.00000  0.00000  0.00000  0.00000  0.00000  0.00000  0.00000  0.00000  0.00000  0.00000  0.00000  0.00000  0.00000  0.00000  0.00000  0.00000 
 0.00000  0.00000  0.00000  0.00000  0.00000  0.00000  0.00000  0.00000  0.00000  0.00000  0.00000  0.00000  0.00000  0.00000  0.00000  0.00000  0.00000  0.00000  0.00000 
