CGATS.17
NUMBER_OF_FIELDS 7
BEGIN_DATA_FORMAT
SAMPLE_ID RGB_R RGB_G RGB_B LAB_L LAB_A LAB_B
END_DATA_FORMAT
NUMBER_OF_SETS 522
BEGIN_DATA
1	 10.95	 12.86	 12.64	  2.77	 -0.04	 -0.65
2	 23.43	 16.32	 15.05	  8.97	 11.58	  5.95
3	 37.16	 17.99	 15.28	 14.42	 22.24	 13.34
4	 58.56	 21.72	 17.10	 21.74	 34.58	 24.24
5	 84.79	 26.51	 19.29	 29.28	 45.45	 35.81
6	114.33	 30.67	 20.12	 36.72	 56.38	 47.73
7	140.84	 33.71	 20.32	 42.66	 65.69	 58.64
8	174.67	 36.99	 21.05	 49.28	 77.04	 72.53
9	 14.86	 21.13	 18.50	 10.34	 -9.96	  1.96
10	 24.74	 23.75	 18.47	 13.99	  1.23	  8.27
11	 42.90	 28.23	 19.83	 20.43	 14.62	 17.95
12	 64.61	 32.28	 21.40	 26.55	 27.09	 27.53
13	 89.13	 38.28	 22.61	 32.93	 37.40	 37.86
14	119.05	 44.38	 24.03	 40.15	 48.33	 50.15
15	151.64	 51.35	 26.06	 47.25	 58.17	 62.54
16	191.72	 57.79	 28.52	 54.82	 69.53	 74.11
17	 18.30	 31.12	 23.93	 16.42	-22.23	  7.23
18	 30.44	 36.23	 23.49	 19.99	 -8.52	 15.48
19	 45.27	 42.75	 25.60	 25.65	  1.79	 22.78
20	 68.03	 48.20	 25.75	 32.60	 14.38	 34.46
21	 93.58	 53.91	 27.18	 39.01	 26.45	 43.75
22	123.15	 60.90	 28.63	 45.78	 37.52	 55.09
23	155.02	 68.44	 30.52	 52.61	 47.83	 66.93
24	196.25	 78.06	 33.70	 60.69	 59.18	 79.52
25	 19.19	 39.66	 26.55	 21.60	-34.38	 11.51
26	 29.36	 44.67	 25.69	 25.09	-22.94	 20.02
27	 46.33	 53.53	 27.26	 31.27	-10.19	 30.02
28	 70.23	 64.61	 30.32	 38.72	  1.17	 40.22
29	 94.35	 71.80	 32.34	 44.37	 11.98	 48.83
30	125.01	 79.19	 34.09	 50.66	 24.53	 59.76
31	158.58	 88.34	 35.99	 57.32	 35.56	 71.07
32	202.50	102.86	 40.03	 66.00	 45.57	 84.65
33	 21.06	 48.88	 30.62	 26.50	-45.76	 16.35
34	 31.42	 55.52	 30.14	 29.92	-34.68	 25.14
35	 48.01	 66.63	 32.22	 36.10	-23.47	 35.37
36	 72.48	 79.61	 35.59	 42.85	-11.05	 45.90
37	100.12	 93.19	 39.48	 50.12	 -0.64	 55.83
38	126.45	 99.48	 40.28	 55.73	 10.77	 65.47
39	164.12	111.57	 43.11	 63.42	 22.60	 77.99
40	207.68	129.43	 48.01	 72.29	 32.52	 91.85
41	 22.74	 59.27	 35.61	 31.39	-58.76	 20.82
42	 34.43	 69.50	 35.72	 36.19	-48.26	 31.66
43	 51.77	 81.70	 37.74	 42.21	-35.97	 41.82
44	 73.82	 95.12	 40.37	 48.83	-25.03	 52.39
45	 99.89	107.48	 42.49	 55.04	-12.90	 62.88
46	131.57	122.82	 46.60	 62.29	 -1.87	 72.64
47	166.95	137.24	 49.64	 69.30	  8.24	 84.81
48	212.23	153.42	 53.75	 77.34	 20.59	 97.36
49	 24.52	 70.10	 39.24	 36.60	-69.47	 26.16
50	 38.59	 82.94	 40.37	 41.99	-57.33	 37.43
51	 54.07	 95.94	 42.91	 47.59	-48.31	 47.16
52	 77.05	112.49	 46.76	 54.44	-37.69	 58.22
53	105.53	129.98	 50.56	 61.51	-26.45	 69.85
54	140.37	147.50	 54.44	 68.11	-13.29	 80.97
55	180.30	168.71	 60.44	 76.35	 -3.09	 92.92
56	218.62	181.44	 62.90	 83.40	  8.42	104.90
57	 33.68	 94.38	 50.46	 45.89	-80.99	 34.18
58	 43.89	104.48	 49.23	 49.58	-70.99	 45.80
59	 62.20	119.22	 52.19	 55.43	-60.55	 56.09
60	 85.95	135.88	 55.62	 61.99	-48.79	 67.03
61	114.85	153.93	 59.24	 68.68	-37.16	 77.70
62	149.07	172.14	 63.19	 75.79	-25.03	 89.59
63	187.56	191.96	 66.80	 82.71	-13.64	101.02
64	222.32	208.28	 69.88	 88.64	 -4.13	110.37
65	 17.33	 15.11	 21.10	  5.69	  9.06	-10.62
66	 28.97	 18.26	 21.27	 10.09	 19.18	 -2.71
67	 41.01	 18.04	 21.08	 15.64	 28.55	  6.89
68	 63.16	 21.69	 21.74	 23.13	 39.34	 18.56
69	 86.45	 26.20	 23.53	 29.84	 48.14	 28.88
70	114.17	 30.67	 24.68	 36.79	 57.79	 40.60
71	142.14	 34.54	 24.25	 42.95	 66.73	 53.22
72	173.04	 37.34	 23.65	 48.34	 76.16	 66.19
73	 11.60	 18.22	 23.81	  6.37	 -5.77	-11.24
74	 23.83	 21.34	 23.67	 11.76	  5.82	 -2.44
75	 42.72	 28.22	 27.48	 20.41	 16.53	  6.88
76	 65.25	 33.35	 27.53	 27.58	 27.91	 19.26
77	 89.08	 39.14	 27.88	 34.04	 38.02	 30.82
78	119.31	 45.77	 29.73	 41.51	 48.62	 42.44
79	149.68	 52.68	 30.98	 48.38	 57.39	 53.61
80	188.47	 59.16	 33.18	 55.73	 68.63	 65.60
81	 12.78	 23.46	 25.45	 12.07	-18.40	 -5.94
82	 27.51	 33.27	 29.27	 19.65	 -8.33	  2.74
83	 43.80	 42.05	 31.63	 26.36	  1.29	 12.04
84	 68.77	 50.74	 34.37	 34.07	 13.01	 22.84
85	 92.88	 56.82	 34.75	 40.06	 23.46	 33.51
86	122.15	 63.93	 35.67	 46.57	 34.57	 45.28
87	154.30	 72.27	 38.13	 53.33	 44.38	 55.80
88	195.23	 79.97	 39.70	 60.48	 56.60	 68.52
89	 15.12	 31.22	 30.27	 17.35	-31.27	 -1.82
90	 31.46	 46.67	 36.45	 25.92	-21.80	  7.76
91	 50.37	 58.24	 38.94	 33.03	-10.87	 18.20
92	 74.18	 71.19	 42.19	 41.47	 -2.44	 30.06
93	 98.65	 77.87	 42.31	 47.14	  9.15	 40.13
94	127.04	 84.94	 42.63	 52.95	 20.88	 51.31
95	159.48	 93.76	 45.61	 59.52	 31.48	 60.84
96	201.52	105.41	 48.40	 67.33	 43.07	 73.05
97	 15.50	 39.94	 34.19	 22.32	-44.01	  1.37
98	 29.31	 56.39	 39.91	 31.05	-38.86	 11.75
99	 49.61	 70.17	 43.16	 38.57	-26.92	 23.03
100	 73.73	 84.28	 45.79	 46.01	-16.08	 34.55
101	101.11	 98.12	 48.30	 53.15	 -5.52	 46.21
102	128.98	106.12	 49.18	 58.49	  6.21	 55.69
103	163.94	116.84	 51.88	 64.94	 17.34	 65.52
104	206.51	130.83	 56.14	 72.60	 28.79	 76.81
105	 17.68	 50.08	 39.32	 27.76	-57.80	  6.64
106	 33.65	 72.76	 47.90	 37.88	-53.06	 17.86
107	 53.06	 87.34	 50.13	 44.66	-41.22	 29.69
108	 79.08	105.85	 55.08	 52.38	-30.84	 40.79
109	106.69	120.38	 56.88	 58.66	-19.44	 52.41
110	134.17	130.90	 57.30	 64.80	 -7.95	 63.34
111	168.60	142.22	 60.18	 71.37	  3.53	 72.91
112	211.72	157.58	 64.68	 79.09	 15.22	 84.13
113	 19.20	 61.02	 44.08	 33.28	-72.36	 11.97
114	 36.48	 87.78	 53.63	 44.48	-67.90	 25.03
115	 54.48	101.92	 54.83	 50.45	-56.05	 36.17
116	 77.46	117.28	 57.36	 56.98	-44.59	 47.28
117	103.76	132.33	 60.15	 63.23	-32.82	 57.39
118	136.49	149.73	 63.19	 70.18	-20.66	 68.77
119	173.42	166.14	 67.16	 76.82	 -8.70	 78.38
120	216.92	185.10	 72.33	 84.62	  2.03	 89.84
121	 21.58	 72.31	 45.89	 37.92	-81.97	 20.09
122	 37.04	 98.71	 53.92	 47.95	-78.40	 33.18
123	 52.51	115.74	 56.97	 54.22	-70.53	 44.23
124	 75.39	134.22	 61.94	 60.92	-59.59	 54.18
125	108.39	156.98	 68.20	 68.98	-45.97	 65.07
126	143.55	177.10	 74.20	 75.84	-33.58	 74.54
127	184.01	198.60	 80.09	 83.46	-21.80	 85.77
128	222.97	215.35	 85.54	 90.70	-10.34	 93.16
129	 22.46	 17.72	 33.96	  8.79	 18.00	-21.50
130	 35.33	 18.46	 32.24	 13.38	 26.76	-11.36
131	 48.93	 20.04	 31.40	 18.73	 34.78	 -1.14
132	 68.31	 22.64	 30.24	 24.81	 43.43	 10.39
133	 92.20	 26.55	 30.41	 31.57	 51.94	 21.62
134	116.96	 30.35	 30.38	 37.72	 60.12	 32.69
135	142.13	 33.79	 29.13	 43.28	 68.11	 45.39
136	168.01	 36.31	 26.58	 48.18	 76.44	 59.07
137	 12.85	 18.38	 33.57	  8.20	  1.65	-22.36
138	 30.87	 25.75	 39.59	 16.34	 11.25	-14.86
139	 46.22	 30.39	 40.00	 22.29	 20.18	 -4.76
140	 69.14	 36.21	 40.00	 28.91	 30.80	  7.07
141	 94.63	 42.16	 40.03	 35.67	 40.10	 19.27
142	120.90	 47.58	 39.92	 41.80	 49.07	 30.69
143	150.18	 53.63	 40.10	 48.06	 57.49	 42.57
144	191.15	 61.22	 43.24	 55.32	 68.05	 52.98
145	 11.53	 24.32	 38.72	 11.33	-11.54	-21.33
146	 30.09	 37.90	 44.95	 21.66	 -4.97	-10.62
147	 45.88	 44.63	 46.25	 27.73	  3.96	 -1.66
148	 70.12	 52.59	 48.03	 35.00	 14.64	  9.46
149	 97.73	 61.01	 49.47	 42.23	 24.79	 21.18
150	123.44	 65.97	 48.06	 47.67	 34.94	 32.70
151	155.33	 74.02	 50.49	 54.34	 44.98	 42.32
152	195.30	 83.02	 52.09	 61.81	 55.69	 54.72
153	 12.54	 29.24	 40.15	 16.44	-25.09	-15.75
154	 29.58	 47.68	 50.89	 26.96	-20.08	 -7.61
155	 51.03	 60.19	 53.69	 34.87	 -9.42	  4.13
156	 74.44	 71.75	 55.51	 42.04	 -0.56	 15.80
157	 99.33	 80.23	 56.54	 47.92	  9.03	 25.48
158	127.90	 87.71	 56.58	 53.58	 20.12	 36.34
159	160.99	 96.93	 59.45	 59.96	 30.35	 45.56
160	201.59	106.98	 61.12	 67.01	 42.06	 57.44
161	 14.83	 38.53	 45.08	 21.56	-38.14	-11.43
162	 30.86	 61.62	 60.37	 32.73	-36.42	 -4.02
163	 55.23	 79.36	 64.72	 41.53	-25.88	  8.26
164	 78.54	 91.11	 64.50	 48.54	-15.56	 20.64
165	105.08	102.48	 64.76	 54.92	 -4.57	 32.03
166	131.53	110.29	 64.90	 59.99	  5.91	 41.48
167	166.83	120.45	 68.47	 66.63	 17.32	 50.38
168	206.65	132.76	 71.96	 73.78	 28.41	 61.22
169	 15.73	 47.69	 49.85	 26.90	-52.29	 -7.34
170	 32.01	 75.87	 65.64	 39.57	-53.18	  2.21
171	 55.72	 94.07	 69.27	 47.74	-41.95	 14.74
172	 79.76	108.61	 71.20	 54.20	-31.05	 25.12
173	104.08	119.73	 70.42	 59.38	-19.46	 36.19
174	135.01	133.38	 72.98	 65.82	 -7.92	 46.43
175	169.64	145.59	 76.59	 71.98	  2.64	 55.18
176	211.98	160.44	 81.31	 79.15	 13.90	 65.12
177	 17.52	 56.53	 54.94	 31.65	-65.75	 -2.84
178	 33.96	 88.64	 70.39	 44.65	-66.81	  8.58
179	 55.37	107.04	 74.32	 51.97	-55.76	 19.76
180	 80.19	124.45	 77.62	 58.31	-44.73	 30.51
181	108.19	140.66	 80.51	 64.90	-33.65	 40.99
182	139.26	155.69	 82.14	 71.92	-22.00	 52.25
183	174.23	169.08	 85.16	 77.97	 -9.56	 61.18
184	216.79	185.00	 89.74	 85.25	  2.13	 71.60
185	 19.24	 66.00	 55.32	 35.96	-79.28	  5.22
186	 33.29	 99.58	 67.92	 48.69	-82.90	 18.93
187	 52.65	120.50	 72.70	 56.34	-73.46	 30.48
188	 74.76	138.15	 76.33	 62.75	-63.02	 40.48
189	106.34	158.95	 82.79	 70.23	-49.21	 49.60
190	140.40	176.69	 88.80	 76.91	-35.79	 57.75
191	179.20	196.13	 94.35	 83.65	-23.05	 66.71
192	222.47	216.21	102.71	 90.71	-10.49	 73.37
193	 25.40	 20.07	 49.01	 10.63	 25.86	-33.27
194	 39.64	 21.00	 46.30	 15.61	 33.25	-22.35
195	 54.82	 22.78	 43.21	 20.59	 39.27	-10.34
196	 73.73	 25.49	 43.62	 26.36	 46.83	 -0.39
197	 93.61	 28.00	 41.17	 31.65	 53.53	 11.27
198	119.71	 31.79	 40.65	 37.60	 61.49	 23.06
199	141.91	 33.91	 37.47	 42.96	 68.81	 35.07
200	166.09	 35.63	 33.28	 48.03	 76.97	 48.86
201	 14.62	 22.30	 52.17	 10.83	 10.89	-36.74
202	 35.42	 29.73	 58.48	 19.42	 18.52	-28.11
203	 52.76	 34.70	 57.65	 25.26	 25.75	-16.99
204	 73.95	 39.82	 56.28	 31.27	 34.03	 -5.25
205	 98.72	 44.91	 55.22	 37.56	 42.79	  6.46
206	124.52	 49.56	 53.31	 43.40	 51.19	 18.69
207	151.88	 54.99	 51.97	 49.21	 58.93	 30.51
208	186.97	 59.90	 51.83	 55.49	 69.18	 42.13
209	 12.58	 26.32	 53.89	 13.88	 -4.09	-33.18
210	 33.10	 41.12	 65.24	 23.86	  0.69	-25.62
211	 54.32	 50.68	 67.50	 31.56	  9.39	-13.93
212	 76.19	 57.40	 67.46	 37.46	 18.14	 -3.98
213	100.28	 63.87	 65.84	 43.17	 26.40	  7.83
214	127.65	 70.06	 64.23	 48.85	 35.80	 19.64
215	156.93	 76.95	 65.41	 54.59	 44.72	 28.85
216	198.82	 85.39	 66.74	 61.30	 55.87	 41.00
217	 12.93	 33.93	 60.39	 18.11	-16.79	-30.56
218	 31.04	 52.66	 72.71	 29.18	-15.67	-22.58
219	 55.04	 66.65	 77.05	 37.85	 -6.83	-10.97
220	 75.53	 73.74	 73.32	 42.85	  2.35	  1.06
221	102.16	 82.99	 74.85	 49.29	 11.65	 11.30
222	131.38	 90.79	 74.11	 55.42	 22.04	 22.39
223	162.99	 99.78	 76.29	 61.51	 31.25	 31.91
224	201.61	109.60	 78.32	 68.43	 42.13	 43.00
225	 13.81	 40.34	 61.65	 22.82	-30.68	-25.23
226	 30.62	 65.59	 79.70	 35.26	-33.38	-17.64
227	 55.54	 81.46	 83.58	 43.47	-22.84	 -5.66
228	 79.71	 93.31	 84.49	 49.75	-12.57	  4.87
229	104.80	103.25	 81.88	 55.09	 -2.70	 17.29
230	133.90	114.02	 84.23	 61.20	  6.64	 26.34
231	168.94	124.03	 86.64	 67.32	 17.53	 35.66
232	206.95	134.18	 90.50	 73.38	 28.94	 44.12
233	 15.96	 49.33	 67.20	 27.69	-44.87	-20.51
234	 33.84	 81.79	 90.47	 41.19	-48.17	-12.82
235	 58.22	100.02	 92.17	 48.84	-38.51	 -0.16
236	 83.32	114.30	 92.90	 55.91	-28.36	 11.24
237	108.30	124.78	 91.50	 61.17	-17.41	 21.85
238	138.86	138.17	 92.93	 67.59	 -6.91	 32.52
239	173.13	149.21	 96.01	 73.70	  3.79	 41.44
240	211.92	159.84	 99.74	 80.09	 15.66	 49.94
241	 17.13	 59.13	 71.76	 33.38	-60.68	-15.68
242	 33.16	 91.86	 90.06	 46.37	-64.24	 -5.48
243	 57.30	110.89	 93.02	 54.10	-53.57	  6.91
244	 83.21	127.92	 95.89	 60.92	-42.65	 17.59
245	109.68	142.42	 98.15	 66.76	-31.48	 27.07
246	139.46	157.15	100.62	 72.66	-20.69	 36.41
247	173.91	170.32	104.20	 78.23	 -8.93	 44.79
248	216.32	185.70	109.35	 85.01	  2.72	 53.90
249	 18.52	 66.76	 72.56	 36.70	-71.60	 -9.45
250	 30.96	 99.60	 83.53	 48.56	-79.77	  4.97
251	 51.91	123.33	 90.22	 56.97	-71.61	 16.46
252	 78.52	145.74	 98.62	 64.18	-60.39	 25.41
253	109.60	166.73	106.67	 71.32	-48.98	 33.32
254	143.80	182.43	111.26	 78.32	-35.23	 42.46
255	181.15	199.77	116.28	 84.88	-22.61	 51.06
256	224.83	219.68	125.21	 92.07	 -9.68	 57.83
257	 28.29	 22.87	 65.79	 12.50	 34.33	-45.13
258	 43.29	 23.32	 60.86	 17.40	 39.35	-32.78
259	 58.62	 24.78	 57.55	 22.36	 43.99	-21.68
260	 76.87	 26.69	 54.60	 27.68	 50.19	 -9.86
261	 97.43	 29.55	 54.00	 33.10	 57.13	  0.18
262	119.30	 31.96	 51.57	 38.22	 63.69	 11.48
263	140.29	 34.45	 47.11	 42.85	 69.87	 24.33
264	164.16	 36.27	 42.28	 47.40	 77.06	 37.51
265	 15.86	 26.62	 72.27	 13.57	 18.68	-48.62
266	 37.53	 33.22	 77.60	 20.98	 24.39	-40.05
267	 59.25	 40.01	 78.26	 27.89	 31.24	-28.73
268	 81.90	 44.83	 77.23	 33.84	 38.68	-17.30
269	102.83	 47.95	 72.95	 38.54	 45.64	 -5.47
270	127.13	 52.03	 70.11	 43.36	 52.75	  6.02
271	156.57	 57.83	 69.29	 49.91	 60.83	 17.81
272	187.37	 60.59	 64.91	 55.78	 70.39	 30.88
273	 13.31	 31.27	 75.59	 16.65	  4.31	-46.21
274	 34.98	 46.74	 89.79	 26.72	  6.39	-39.69
275	 59.54	 56.63	 91.91	 34.54	 13.56	-27.52
276	 84.97	 64.31	 91.45	 41.09	 22.53	-16.15
277	107.06	 68.89	 86.88	 45.81	 30.29	 -4.80
278	131.18	 74.09	 83.89	 50.85	 37.64	  6.41
279	161.68	 80.63	 83.94	 56.62	 46.53	 16.23
280	195.09	 84.28	 80.87	 61.83	 57.68	 28.21
281	 13.66	 37.96	 78.67	 21.23	-10.68	-41.59
282	 32.95	 56.22	 95.11	 31.17	-10.13	-35.64
283	 59.03	 71.58	 99.77	 40.23	 -3.12	-22.80
284	 82.68	 80.61	 99.31	 45.95	  6.01	-12.58
285	107.61	 88.14	 97.04	 51.18	 14.72	 -1.64
286	134.20	 94.93	 94.59	 56.16	 23.23	  9.31
287	167.38	103.36	 96.13	 61.94	 32.81	 18.74
288	205.59	111.29	 97.03	 67.48	 43.92	 29.10
289	 15.23	 47.72	 87.71	 25.56	-23.05	-38.84
290	 32.70	 71.43	103.78	 37.17	-27.13	-30.88
291	 58.86	 86.98	106.57	 45.28	-18.96	-18.48
292	 85.04	 99.83	107.33	 51.95	 -9.47	 -7.17
293	108.80	108.25	105.17	 56.82	  0.26	  3.04
294	137.90	117.31	106.70	 62.65	  9.77	 11.90
295	172.03	127.66	108.71	 68.88	 19.52	 21.64
296	207.48	137.04	111.86	 74.81	 29.85	 30.14
297	 16.27	 53.77	 88.17	 30.11	-37.68	-33.25
298	 32.80	 84.31	110.11	 42.78	-43.14	-25.57
299	 59.63	102.92	113.89	 51.07	-33.87	-13.34
300	 84.11	115.44	113.59	 56.64	-23.97	 -2.54
301	110.34	127.25	113.68	 61.98	-13.88	  7.62
302	138.23	139.00	115.07	 67.48	 -4.55	 16.60
303	173.82	151.16	118.83	 73.76	  5.43	 25.14
304	212.14	161.44	122.46	 79.47	 16.75	 33.44
305	 18.15	 63.95	 95.08	 35.14	-52.26	-28.54
306	 36.49	 98.88	117.64	 47.83	-55.71	-19.36
307	 62.94	120.43	121.00	 56.00	-48.05	 -6.93
308	 88.61	135.68	122.29	 62.93	-38.63	  3.82
309	115.03	149.09	123.63	 68.55	-28.55	 13.12
310	145.52	163.55	126.54	 74.41	-17.76	 21.92
311	178.02	174.44	128.79	 79.68	 -7.02	 30.13
312	217.59	188.52	133.69	 86.19	  4.24	 38.50
313	 20.23	 77.83	 96.89	 40.90	-68.00	-20.33
314	 33.85	107.47	106.57	 51.61	-75.00	 -7.20
315	 56.44	130.40	112.79	 59.73	-67.20	  4.02
316	 82.31	150.10	120.91	 66.68	-56.65	 11.93
317	111.83	168.38	129.92	 73.10	-44.34	 17.90
318	144.49	183.97	135.04	 78.93	-32.10	 25.90
319	182.42	201.66	139.57	 85.04	-20.13	 35.05
320	224.84	221.48	149.51	 91.82	 -8.24	 41.33
321	 32.41	 27.58	 86.63	 14.79	 42.32	-56.13
322	 46.85	 26.92	 78.06	 18.89	 44.53	-42.82
323	 62.90	 28.45	 74.77	 23.84	 48.32	-31.60
324	 82.04	 30.72	 72.16	 28.74	 53.47	-20.05
325	104.09	 32.79	 69.43	 34.14	 59.99	 -9.33
326	122.13	 34.93	 67.45	 38.79	 66.09	 -0.42
327	140.86	 36.21	 61.79	 43.07	 71.67	 11.54
328	164.16	 37.47	 56.32	 47.59	 78.43	 24.34
329	 17.10	 31.78	 95.62	 16.29	 26.64	-60.92
330	 40.14	 39.46	103.85	 23.58	 32.25	-54.24
331	 63.83	 44.30	101.74	 30.12	 37.43	-41.85
332	 87.83	 49.02	 99.03	 36.27	 43.71	-29.26
333	108.97	 51.74	 94.56	 40.77	 50.31	-18.63
334	130.51	 53.87	 88.70	 44.98	 56.82	 -6.83
335	155.55	 58.38	 87.61	 50.11	 63.47	  3.55
336	184.91	 59.81	 79.92	 54.85	 72.23	 17.74
337	 14.64	 37.92	100.01	 19.39	 12.07	-57.73
338	 37.71	 53.25	118.02	 29.52	 12.56	-52.26
339	 66.29	 64.38	121.94	 37.91	 18.76	-40.23
340	 89.51	 69.19	117.20	 42.83	 26.36	-29.12
341	111.58	 73.27	112.02	 47.10	 33.70	-18.07
342	137.60	 78.82	108.87	 51.66	 41.34	 -7.29
343	167.25	 85.20	108.66	 57.46	 49.46	  2.36
344	195.70	 85.31	102.49	 62.07	 60.40	 13.41
345	 14.94	 44.47	105.19	 24.05	 -2.19	-54.39
346	 35.27	 64.42	125.91	 34.58	 -3.90	-49.31
347	 66.08	 79.75	130.54	 43.68	  2.61	-36.47
348	 91.18	 88.56	128.91	 49.33	 10.42	-25.30
349	114.19	 94.57	124.92	 53.86	 18.34	-15.36
350	141.98	102.17	122.54	 59.25	 26.62	 -4.55
351	170.20	107.98	121.73	 63.99	 34.93	  4.12
352	202.39	111.60	119.27	 68.55	 45.92	 14.17
353	 16.52	 52.06	111.28	 28.79	-16.29	-50.46
354	 35.43	 76.57	132.93	 39.65	-19.89	-44.38
355	 62.54	 91.33	133.80	 47.27	-12.48	-31.50
356	 89.08	103.93	134.82	 53.59	 -4.65	-20.55
357	114.25	113.31	134.82	 58.67	  4.38	-11.66
358	143.20	123.45	134.33	 64.09	 12.51	 -1.76
359	174.67	131.34	134.79	 69.13	 21.64	  7.08
360	212.12	142.10	138.44	 74.49	 31.25	 15.54
361	 18.44	 64.59	121.71	 33.77	-30.05	-46.94
362	 34.44	 91.65	139.84	 44.92	-36.34	-39.10
363	 62.60	108.28	140.82	 52.48	-28.49	-26.18
364	 89.45	121.93	141.21	 58.62	-19.62	-15.16
365	115.92	133.64	142.81	 64.18	-10.06	 -6.66
366	143.31	144.42	143.03	 69.43	 -0.70	  2.22
367	175.68	153.77	145.88	 75.01	  8.51	  9.90
368	211.79	163.43	149.63	 80.73	 18.85	 17.60
369	 19.55	 73.43	125.13	 39.25	-45.22	-41.60
370	 37.78	103.77	143.46	 50.48	-49.26	-32.00
371	 64.75	122.50	146.84	 58.02	-41.11	-20.62
372	 91.17	138.40	150.00	 64.38	-32.56	-10.81
373	116.31	150.67	150.75	 69.27	-23.56	 -2.28
374	146.86	165.11	154.08	 74.78	-13.43	  6.36
375	179.05	176.95	155.58	 79.89	 -4.26	 15.01
376	217.97	191.28	161.35	 85.63	  5.86	 22.66
377	 23.58	 92.87	128.85	 45.98	-62.26	-30.26
378	 41.21	121.75	139.02	 55.43	-65.60	-18.25
379	 66.63	145.19	147.42	 63.30	-59.54	 -8.77
380	 92.09	162.03	155.25	 70.07	-49.83	 -2.17
381	120.58	175.77	161.17	 75.64	-38.76	  4.47
382	152.58	191.77	168.97	 81.29	-27.32	 10.28
383	186.91	207.41	169.33	 87.00	-17.64	 20.88
384	226.87	225.62	179.41	 93.52	 -6.60	 27.14
385	 38.82	 32.35	111.08	 18.12	 51.97	-67.02
386	 52.57	 31.30	 99.12	 21.73	 51.50	-53.25
387	 70.05	 32.89	 95.82	 26.55	 55.00	-42.93
388	 87.54	 34.62	 91.23	 31.08	 58.54	-31.52
389	105.08	 36.21	 85.97	 35.15	 62.59	-20.41
390	123.46	 37.86	 81.43	 39.40	 67.52	 -9.82
391	143.34	 39.93	 79.60	 43.74	 73.26	 -0.96
392	164.31	 40.11	 72.58	 47.48	 79.02	 11.16
393	 20.21	 38.70	122.18	 18.88	 35.38	-71.68
394	 48.00	 47.36	136.26	 27.49	 40.32	-65.56
395	 70.43	 50.51	129.59	 32.82	 42.94	-52.16
396	 92.35	 54.40	124.80	 37.66	 47.31	-40.37
397	114.83	 57.94	119.49	 42.36	 52.89	-30.14
398	137.11	 59.16	114.29	 46.99	 60.22	-19.55
399	162.94	 63.00	113.63	 52.23	 67.31	-10.48
400	184.93	 62.64	103.29	 55.61	 74.08	  2.70
401	 15.55	 43.77	128.16	 22.37	 21.16	-70.29
402	 41.27	 59.97	150.15	 32.72	 21.36	-65.47
403	 69.93	 68.89	148.71	 39.98	 25.10	-52.38
404	 93.55	 74.75	144.98	 45.13	 30.70	-41.49
405	115.69	 78.12	138.86	 48.97	 37.42	-31.40
406	141.36	 82.79	135.64	 53.75	 44.83	-20.92
407	169.78	 89.30	135.69	 59.16	 51.93	-11.57
408	195.04	 88.46	129.29	 62.33	 61.76	 -2.54
409	 15.98	 49.55	131.33	 26.24	  6.52	-65.26
410	 38.62	 71.27	156.74	 37.33	  3.39	-60.21
411	 69.56	 83.89	157.67	 45.00	  8.67	-47.05
412	 95.10	 94.09	158.97	 51.14	 14.60	-37.45
413	118.70	100.31	157.26	 55.48	 21.91	-28.86
414	147.47	108.29	156.02	 60.20	 29.96	-19.12
415	176.70	117.10	155.93	 66.00	 37.09	-10.38
416	203.59	117.43	152.33	 69.98	 47.52	 -2.61
417	 17.24	 58.39	140.64	 31.19	 -6.59	-62.98
418	 37.81	 84.78	166.10	 42.73	-12.55	-56.81
419	 68.17	 98.20	165.45	 50.00	 -5.70	-43.69
420	 93.87	110.03	166.32	 55.96	  0.23	-33.88
421	121.60	121.30	169.77	 61.69	  8.21	-25.40
422	151.91	130.76	170.29	 67.06	 17.16	-16.22
423	178.09	135.72	165.09	 70.88	 25.00	 -7.05
424	208.90	140.95	165.96	 75.13	 35.04	  0.27
425	 19.17	 69.26	151.40	 36.62	-21.96	-58.91
426	 37.52	 97.41	170.81	 47.21	-28.99	-50.40
427	 66.54	113.21	171.54	 54.25	-21.24	-37.92
428	 94.03	127.56	174.63	 60.48	-13.71	-28.65
429	120.78	138.91	177.42	 65.81	 -5.17	-20.85
430	150.72	151.47	178.67	 71.34	  2.96	-11.81
431	179.40	157.93	177.17	 75.32	 11.78	 -3.98
432	216.27	169.58	182.10	 80.43	 21.03	  3.25
433	 22.27	 87.97	163.71	 43.59	-38.77	-53.41
434	 39.96	112.73	176.46	 53.22	-42.58	-44.24
435	 68.60	129.71	178.68	 60.39	-35.48	-33.12
436	 96.28	144.78	180.00	 66.45	-27.52	-22.79
437	120.96	156.86	183.07	 71.45	-19.44	-15.90
438	148.70	167.92	184.46	 76.11	-10.13	 -7.75
439	181.38	180.73	187.55	 81.53	 -0.70	  0.44
440	217.85	193.45	194.14	 87.11	  8.74	  7.38
441	 27.87	106.27	162.97	 50.70	-55.12	-41.10
442	 45.32	130.20	172.20	 58.86	-57.51	-31.23
443	 68.51	149.75	181.34	 65.53	-51.70	-23.68
444	 94.52	166.45	189.81	 71.43	-42.93	-17.08
445	123.36	179.97	194.02	 76.64	-32.85	 -9.63
446	154.31	195.23	199.53	 81.77	-23.12	 -2.47
447	190.23	212.33	205.91	 87.68	-13.43	  4.94
448	228.00	229.30	210.44	 93.08	 -4.37	 13.10
449	 62.92	 42.51	143.44	 26.16	 60.48	-70.46
450	 73.92	 40.31	129.33	 27.88	 61.06	-58.77
451	 86.92	 40.05	120.04	 31.06	 62.79	-49.08
452	100.54	 39.93	112.30	 34.72	 65.35	-39.20
453	117.59	 41.34	107.29	 38.76	 68.67	-28.95
454	135.60	 43.35	103.80	 42.74	 72.51	-19.90
455	152.69	 45.27	100.41	 46.77	 76.75	-10.79
456	168.76	 45.77	 95.00	 49.80	 80.83	 -1.37
457	 27.28	 43.40	147.02	 21.56	 46.90	-81.56
458	 54.29	 49.60	153.00	 28.86	 49.09	-72.42
459	 70.95	 51.41	146.59	 32.74	 50.31	-62.33
460	 90.91	 53.63	141.90	 37.12	 53.96	-51.73
461	111.39	 55.60	137.69	 41.29	 59.03	-41.94
462	134.62	 59.59	136.26	 46.25	 64.17	-32.53
463	160.08	 64.36	135.20	 51.36	 69.41	-23.18
464	183.85	 65.46	131.03	 55.23	 76.43	-13.80
465	 17.44	 48.88	155.32	 23.96	 31.20	-80.43
466	 40.47	 59.19	166.49	 31.35	 30.17	-73.41
467	 69.42	 68.26	169.95	 38.88	 33.35	-62.69
468	 89.11	 72.45	166.44	 42.61	 37.28	-53.97
469	113.85	 75.58	161.20	 46.90	 45.28	-45.29
470	138.19	 80.48	159.84	 52.52	 50.97	-36.15
471	165.82	 86.32	160.51	 58.10	 57.61	-27.20
472	192.94	 88.74	158.87	 62.46	 66.43	-18.73
473	 16.98	 55.73	162.92	 28.86	 16.52	-77.89
474	 35.40	 70.38	176.10	 36.37	 12.47	-71.89
475	 64.57	 81.86	180.87	 43.69	 16.90	-61.45
476	 90.53	 90.24	181.33	 49.40	 22.88	-51.90
477	115.46	 96.62	180.43	 53.97	 29.40	-43.34
478	143.73	102.90	180.09	 58.99	 37.47	-34.21
479	172.58	108.53	180.36	 63.81	 45.36	-26.05
480	202.43	115.08	181.85	 68.72	 53.29	-18.16
481	 18.08	 64.78	173.05	 33.42	  1.73	-73.72
482	 37.39	 84.40	187.39	 42.01	 -3.21	-65.96
483	 64.40	 96.74	191.62	 48.68	  1.98	-56.75
484	 90.99	107.20	193.67	 54.24	  8.27	-47.38
485	116.37	114.52	193.91	 58.76	 16.10	-39.93
486	147.34	124.78	195.83	 63.99	 23.93	-31.28
487	181.80	135.73	199.09	 70.37	 32.78	-22.84
488	207.83	142.02	200.19	 75.42	 39.82	-15.69
489	 20.11	 77.39	184.97	 39.07	-13.12	-70.59
490	 35.41	 98.99	197.73	 47.19	-19.87	-62.48
491	 68.58	117.79	204.84	 55.63	-13.39	-51.24
492	 93.26	129.20	207.67	 60.88	 -6.88	-43.38
493	117.22	137.45	207.98	 65.00	  0.72	-36.22
494	147.12	146.91	208.52	 70.15	  9.48	-28.10
495	178.69	157.55	209.81	 75.70	 16.88	-20.02
496	211.55	167.65	211.80	 80.73	 25.20	-12.23
497	 22.81	 93.60	196.58	 45.91	-29.09	-65.41
498	 43.23	121.51	209.84	 55.62	-36.23	-54.19
499	 69.02	135.76	212.80	 61.38	-29.06	-45.38
500	 92.24	146.87	214.83	 66.15	-21.89	-38.20
501	115.70	157.64	216.80	 70.65	-14.77	-31.29
502	146.96	169.32	219.23	 75.45	 -4.92	-23.29
503	180.54	180.95	222.53	 80.52	  3.72	-15.81
504	222.70	200.56	228.93	 86.70	 11.68	 -6.60
505	 35.57	126.85	218.67	 55.03	-42.17	-56.89
506	 52.90	148.26	225.66	 62.52	-46.09	-47.78
507	 76.83	166.02	230.61	 68.76	-42.58	-39.04
508	102.27	178.79	234.74	 73.61	-35.10	-31.93
509	130.66	192.89	238.42	 78.81	-26.61	-24.67
510	163.78	208.34	242.17	 84.02	-18.10	-16.59
511	197.37	223.95	245.88	 89.28	 -9.93	 -8.95
512	235.84	239.51	249.36	 94.85	 -1.67	 -0.96
513	 32.78	 30.87	 34.82	 17.95	  4.34	 -3.07
514	 70.43	 68.40	 69.59	 39.06	  3.03	  0.50
515	114.54	114.46	112.97	 58.19	  0.30	  2.94
516	163.75	165.50	167.53	 75.36	 -0.93	  1.17
517	 37.32	 18.67	 16.52	 14.10	 22.07	 13.46
518	112.51	 30.80	 20.48	 36.20	 55.69	 46.98
519	 16.99	 30.64	 23.66	 16.09	-22.56	  7.08
520	 22.34	 60.60	 36.79	 31.19	-58.42	 20.69
521	 21.41	 17.39	 35.00	  8.08	 17.16	-20.96
522	 32.78	 27.88	 89.79	 14.44	 42.23	-55.85
END_DATA
