CGATS.17
NUMBER_OF_FIELDS 7
BEGIN_DATA_FORMAT
SAMPLE_ID RGB_R RGB_G RGB_B LAB_L LAB_A LAB_B
END_DATA_FORMAT
NUMBER_OF_SETS 522
BEGIN_DATA
1	 11.03	 12.95	 12.74	  2.77	 -0.04	 -0.65
2	 23.86	 16.66	 15.34	  8.97	 11.58	  5.95
3	 37.97	 18.48	 15.67	 14.42	 22.24	 13.34
4	 59.47	 22.32	 17.62	 21.74	 34.58	 24.24
5	 85.51	 27.22	 19.84	 29.28	 45.45	 35.81
6	114.58	 31.48	 20.72	 36.72	 56.38	 47.73
7	141.33	 34.63	 20.99	 42.66	 65.69	 58.64
8	175.30	 37.98	 21.70	 49.28	 77.04	 72.53
9	 15.19	 21.69	 19.04	 10.34	 -9.96	  1.96
10	 25.25	 24.29	 18.99	 13.99	  1.23	  8.27
11	 43.77	 28.96	 20.37	 20.43	 14.62	 17.95
12	 65.55	 33.07	 22.02	 26.55	 27.09	 27.53
13	 89.80	 39.20	 23.27	 32.93	 37.40	 37.86
14	118.96	 45.39	 24.72	 40.15	 48.33	 50.15
15	151.48	 52.49	 26.82	 47.25	 58.17	 62.54
16	191.52	 59.12	 29.28	 54.82	 69.53	 74.11
17	 18.49	 31.63	 24.35	 16.42	-22.23	  7.23
18	 30.51	 36.34	 23.60	 19.99	 -8.52	 15.48
19	 45.91	 43.45	 26.15	 25.65	  1.79	 22.78
20	 69.71	 49.82	 26.79	 32.60	 14.38	 34.46
21	 95.89	 56.01	 28.52	 39.01	 26.45	 43.75
22	125.24	 63.33	 30.03	 45.78	 37.52	 55.09
23	157.50	 71.19	 31.99	 52.61	 47.83	 66.93
24	198.89	 81.18	 35.34	 60.69	 59.18	 79.52
25	 19.76	 41.34	 27.85	 21.60	-34.38	 11.51
26	 30.35	 46.57	 26.97	 25.09	-22.94	 20.02
27	 48.12	 55.64	 28.65	 31.27	-10.19	 30.02
28	 72.47	 66.98	 31.80	 38.72	  1.17	 40.22
29	 96.69	 74.26	 33.86	 44.37	 11.98	 48.83
30	126.96	 81.86	 35.71	 50.66	 24.53	 59.76
31	160.86	 91.45	 37.72	 57.32	 35.56	 71.07
32	204.71	106.36	 41.94	 66.00	 45.57	 84.65
33	 21.72	 50.76	 32.11	 26.50	-45.76	 16.35
34	 32.29	 57.50	 31.54	 29.92	-34.68	 25.14
35	 49.37	 68.53	 33.49	 36.10	-23.47	 35.37
36	 73.55	 80.59	 36.35	 42.85	-11.05	 45.90
37	100.13	 93.69	 40.34	 50.12	 -0.64	 55.83
38	127.64	101.57	 41.91	 55.73	 10.77	 65.47
39	166.33	114.76	 45.16	 63.42	 22.60	 77.99
40	210.05	133.34	 50.37	 72.29	 32.52	 91.85
41	 23.35	 61.34	 37.41	 31.39	-58.76	 20.82
42	 35.47	 71.83	 37.46	 36.19	-48.26	 31.66
43	 53.64	 84.31	 39.63	 42.21	-35.97	 41.82
44	 76.05	 97.71	 42.34	 48.83	-25.03	 52.39
45	102.22	109.96	 44.54	 55.04	-12.90	 62.88
46	133.69	125.44	 48.86	 62.29	 -1.87	 72.64
47	169.27	140.73	 52.08	 69.30	  8.24	 84.81
48	214.47	157.61	 56.42	 77.34	 20.59	 97.36
49	 25.19	 72.60	 41.20	 36.60	-69.47	 26.16
50	 39.82	 86.02	 42.41	 41.99	-57.33	 37.43
51	 56.11	 99.45	 45.06	 47.59	-48.31	 47.16
52	 79.60	116.17	 49.02	 54.44	-37.69	 58.22
53	107.85	132.95	 52.64	 61.51	-26.45	 69.85
54	140.70	148.33	 55.70	 68.11	-13.29	 80.97
55	178.65	167.86	 61.57	 76.35	 -3.09	 92.92
56	219.08	183.42	 65.33	 83.40	  8.42	104.90
57	 34.53	 96.87	 52.80	 45.89	-80.99	 34.18
58	 45.12	107.39	 51.59	 49.58	-70.99	 45.80
59	 64.30	122.65	 54.72	 55.43	-60.55	 56.09
60	 88.62	139.28	 58.34	 61.99	-48.79	 67.03
61	117.43	156.73	 62.06	 68.68	-37.16	 77.70
62	151.02	174.28	 66.14	 75.79	-25.03	 89.59
63	189.36	193.68	 69.89	 82.71	-13.64	101.02
64	223.64	210.49	 73.08	 88.64	 -4.13	110.37
65	 17.81	 15.57	 22.06	  5.69	  9.06	-10.62
66	 29.91	 19.07	 22.36	 10.09	 19.18	 -2.71
67	 42.53	 18.90	 22.16	 15.64	 28.55	  6.89
68	 65.38	 22.66	 22.84	 23.13	 39.34	 18.56
69	 89.09	 27.36	 24.65	 29.84	 48.14	 28.88
70	116.57	 31.89	 25.89	 36.79	 57.79	 40.60
71	144.20	 35.76	 25.31	 42.95	 66.73	 53.22
72	172.62	 38.02	 24.34	 48.34	 76.16	 66.19
73	 11.75	 18.45	 24.32	  6.37	 -5.77	-11.24
74	 24.44	 22.04	 24.61	 11.76	  5.82	 -2.44
75	 44.23	 29.34	 28.83	 20.41	 16.53	  6.88
76	 67.37	 34.67	 28.95	 27.58	 27.91	 19.26
77	 91.48	 40.64	 29.24	 34.04	 38.02	 30.82
78	121.55	 47.44	 31.18	 41.51	 48.62	 42.44
79	152.25	 54.54	 32.53	 48.38	 57.39	 53.61
80	190.99	 61.07	 34.77	 55.73	 68.63	 65.60
81	 13.15	 24.19	 26.61	 12.07	-18.40	 -5.94
82	 28.34	 34.36	 30.75	 19.65	 -8.33	  2.74
83	 45.43	 43.74	 33.22	 26.36	  1.29	 12.04
84	 71.06	 52.78	 36.13	 34.07	 13.01	 22.84
85	 95.52	 59.23	 36.54	 40.06	 23.46	 33.51
86	124.66	 66.63	 37.51	 46.57	 34.57	 45.28
87	157.20	 75.31	 40.06	 53.33	 44.38	 55.80
88	198.22	 83.21	 41.69	 60.48	 56.60	 68.52
89	 15.41	 32.31	 31.50	 17.35	-31.27	 -1.82
90	 31.89	 47.65	 37.39	 25.92	-21.80	  7.76
91	 51.14	 59.10	 39.84	 33.03	-10.87	 18.20
92	 76.06	 73.18	 43.91	 41.47	 -2.44	 30.06
93	101.09	 80.49	 44.31	 47.14	  9.15	 40.13
94	129.23	 87.78	 44.65	 52.95	 20.88	 51.31
95	162.10	 97.10	 47.77	 59.52	 31.48	 60.84
96	204.31	109.17	 50.75	 67.33	 43.07	 73.05
97	 15.98	 41.51	 35.88	 22.32	-44.01	  1.37
98	 30.25	 58.51	 41.86	 31.05	-38.86	 11.75
99	 51.41	 72.64	 45.18	 38.57	-26.92	 23.03
100	 76.06	 86.92	 47.97	 46.01	-16.08	 34.55
101	103.67	100.98	 50.61	 53.15	 -5.52	 46.21
102	131.10	109.00	 51.50	 58.49	  6.21	 55.69
103	166.40	120.22	 54.35	 64.94	 17.34	 65.52
104	209.03	134.61	 58.78	 72.60	 28.79	 76.81
105	 18.21	 51.92	 41.24	 27.76	-57.80	  6.64
106	 34.65	 75.09	 50.06	 37.88	-53.06	 17.86
107	 54.80	 89.71	 52.19	 44.66	-41.22	 29.69
108	 80.34	106.98	 56.34	 52.38	-30.84	 40.79
109	106.74	120.17	 57.98	 58.66	-19.44	 52.41
110	135.06	132.25	 59.42	 64.80	 -7.95	 63.34
111	170.60	145.32	 62.89	 71.37	  3.53	 72.91
112	213.89	161.55	 67.70	 79.09	 15.22	 84.13
113	 19.82	 63.18	 46.20	 33.28	-72.36	 11.97
114	 37.66	 90.95	 56.12	 44.48	-67.90	 25.03
115	 56.57	105.67	 57.50	 50.45	-56.05	 36.17
116	 79.98	121.05	 60.04	 56.98	-44.59	 47.28
117	106.47	135.89	 62.94	 63.23	-32.82	 57.39
118	138.85	152.96	 66.10	 70.18	-20.66	 68.77
119	175.56	169.06	 70.14	 76.82	 -8.70	 78.38
120	218.95	188.37	 75.59	 84.62	  2.03	 89.84
121	 22.19	 74.35	 48.03	 37.92	-81.97	 20.09
122	 38.12	101.58	 56.41	 47.95	-78.40	 33.18
123	 54.49	119.14	 59.62	 54.22	-70.53	 44.23
124	 77.75	137.44	 64.76	 60.92	-59.59	 54.18
125	110.64	159.24	 70.89	 68.98	-45.97	 65.07
126	144.04	177.01	 75.86	 75.84	-33.58	 74.54
127	182.67	196.38	 81.50	 83.46	-21.80	 85.77
128	223.34	216.00	 88.65	 90.70	-10.34	 93.16
129	 23.05	 18.24	 35.49	  8.79	 18.00	-21.50
130	 36.38	 19.20	 33.79	 13.38	 26.76	-11.36
131	 50.73	 21.00	 32.98	 18.73	 34.78	 -1.14
132	 70.59	 23.65	 31.78	 24.81	 43.43	 10.39
133	 94.72	 27.66	 31.94	 31.57	 51.94	 21.62
134	119.40	 31.59	 31.86	 37.72	 60.12	 32.69
135	145.11	 35.27	 30.58	 43.28	 68.11	 45.39
136	171.24	 37.72	 27.83	 48.18	 76.44	 59.07
137	 13.20	 19.09	 35.22	  8.20	  1.65	-22.36
138	 31.81	 26.68	 41.47	 16.34	 11.25	-14.86
139	 47.93	 31.63	 41.99	 22.29	 20.18	 -4.76
140	 71.40	 37.63	 41.91	 28.91	 30.80	  7.07
141	 97.18	 43.79	 41.93	 35.67	 40.10	 19.27
142	123.05	 49.24	 41.80	 41.80	 49.07	 30.69
143	151.96	 55.15	 41.77	 48.06	 57.49	 42.57
144	190.22	 62.06	 44.31	 55.32	 68.05	 52.98
145	 11.67	 24.55	 39.47	 11.33	-11.54	-21.33
146	 30.92	 38.86	 46.69	 21.66	 -4.97	-10.62
147	 47.51	 46.32	 48.38	 27.73	  3.96	 -1.66
148	 72.39	 54.66	 50.28	 35.00	 14.64	  9.46
149	100.31	 63.47	 51.77	 42.23	 24.79	 21.18
150	125.68	 68.58	 50.31	 47.67	 34.94	 32.70
151	158.12	 77.09	 52.89	 54.34	 44.98	 42.32
152	198.40	 86.31	 54.50	 61.81	 55.69	 54.72
153	 12.93	 30.46	 42.01	 16.44	-25.09	-15.75
154	 30.57	 49.60	 53.22	 26.96	-20.08	 -7.61
155	 52.92	 62.47	 56.25	 34.87	 -9.42	  4.13
156	 76.80	 74.25	 58.05	 42.04	 -0.56	 15.80
157	101.86	 83.00	 59.07	 47.92	  9.03	 25.48
158	130.06	 90.62	 59.10	 53.58	 20.12	 36.34
159	163.51	100.31	 62.07	 59.96	 30.35	 45.56
160	204.12	110.61	 63.72	 67.01	 42.06	 57.44
161	 15.19	 39.81	 46.94	 21.56	-38.14	-11.43
162	 31.29	 62.74	 61.59	 32.73	-36.42	 -4.02
163	 56.02	 80.16	 65.94	 41.53	-25.88	  8.26
164	 80.42	 93.08	 66.75	 48.54	-15.56	 20.64
165	107.49	105.08	 67.47	 54.92	 -4.57	 32.03
166	133.42	112.98	 67.64	 59.99	  5.91	 41.48
167	169.19	123.82	 71.43	 66.63	 17.32	 50.38
168	209.15	136.56	 75.05	 73.78	 28.41	 61.22
169	 16.20	 49.33	 51.99	 26.90	-52.29	 -7.34
170	 33.05	 78.30	 68.50	 39.57	-53.18	  2.21
171	 57.67	 96.75	 72.12	 47.74	-41.95	 14.74
172	 82.16	111.13	 74.10	 54.20	-31.05	 25.12
173	106.46	121.92	 73.21	 59.38	-19.46	 36.19
174	136.85	135.47	 75.90	 65.82	 -7.92	 46.43
175	171.74	148.69	 79.74	 71.98	  2.64	 55.18
176	214.11	164.36	 84.72	 79.15	 13.90	 65.12
177	 18.01	 58.53	 57.35	 31.65	-65.75	 -2.84
178	 35.00	 91.71	 73.40	 44.65	-66.81	  8.58
179	 57.14	110.28	 77.07	 51.97	-55.76	 19.76
180	 81.53	126.22	 79.23	 58.31	-44.73	 30.51
181	108.69	141.26	 81.83	 64.90	-33.65	 40.99
182	140.56	157.72	 84.74	 71.92	-22.00	 52.25
183	176.18	171.66	 88.41	 77.97	 -9.56	 61.18
184	218.73	188.08	 93.11	 85.25	  2.13	 71.60
185	 19.75	 67.91	 57.49	 35.96	-79.28	  5.22
186	 34.30	102.50	 70.80	 48.69	-82.90	 18.93
187	 54.60	123.97	 75.73	 56.34	-73.46	 30.48
188	 77.09	141.33	 79.35	 62.75	-63.02	 40.48
189	108.94	161.54	 86.02	 70.23	-49.21	 49.60
190	142.40	178.32	 92.07	 76.91	-35.79	 57.75
191	181.07	197.25	 97.83	 83.65	-23.05	 66.71
192	223.95	217.83	106.51	 90.71	-10.49	 73.37
193	 26.11	 20.69	 51.06	 10.63	 25.86	-33.27
194	 40.82	 21.85	 48.30	 15.61	 33.25	-22.35
195	 56.78	 23.79	 45.18	 20.59	 39.27	-10.34
196	 76.03	 26.58	 45.57	 26.36	 46.83	 -0.39
197	 95.82	 29.03	 42.80	 31.65	 53.53	 11.27
198	120.41	 32.47	 41.59	 37.60	 61.49	 23.06
199	142.58	 34.59	 38.34	 42.96	 68.81	 35.07
200	168.52	 36.74	 34.47	 48.03	 76.97	 48.86
201	 15.10	 23.14	 54.42	 10.83	 10.89	-36.74
202	 36.56	 30.83	 60.91	 19.42	 18.52	-28.11
203	 54.65	 36.07	 60.11	 25.26	 25.75	-16.99
204	 76.29	 41.42	 58.57	 31.27	 34.03	 -5.25
205	101.20	 46.63	 57.55	 37.56	 42.79	  6.46
206	126.76	 51.34	 55.52	 43.40	 51.19	 18.69
207	154.60	 56.91	 54.19	 49.21	 58.93	 30.51
208	189.74	 61.77	 53.88	 55.49	 69.18	 42.13
209	 12.91	 27.16	 55.97	 13.88	 -4.09	-33.18
210	 34.07	 42.35	 67.73	 23.86	  0.69	-25.62
211	 56.21	 52.57	 70.27	 31.56	  9.39	-13.93
212	 78.48	 59.63	 70.31	 37.46	 18.14	 -3.98
213	102.73	 66.39	 68.61	 43.17	 26.40	  7.83
214	129.69	 72.67	 66.76	 48.85	 35.80	 19.64
215	158.70	 79.62	 67.80	 54.59	 44.72	 28.85
216	197.91	 87.08	 68.13	 61.30	 55.87	 41.00
217	 13.20	 34.63	 61.45	 18.11	-16.79	-30.56
218	 32.03	 54.36	 75.06	 29.18	-15.67	-22.58
219	 56.98	 68.96	 79.92	 37.85	 -6.83	-10.97
220	 77.77	 76.14	 76.11	 42.85	  2.35	  1.06
221	104.50	 85.63	 77.63	 49.29	 11.65	 11.30
222	133.34	 93.67	 77.00	 55.42	 22.04	 22.39
223	165.39	103.14	 79.37	 61.51	 31.25	 31.91
224	204.28	113.33	 81.44	 68.43	 42.13	 43.00
225	 14.24	 41.85	 64.09	 22.82	-30.68	-25.23
226	 31.63	 67.89	 82.76	 35.26	-33.38	-17.64
227	 57.48	 84.05	 86.61	 43.47	-22.84	 -5.66
228	 82.02	 95.87	 87.53	 49.75	-12.57	  4.87
229	107.22	105.87	 84.83	 55.09	 -2.70	 17.29
230	135.75	116.74	 87.20	 61.20	  6.64	 26.34
231	171.14	127.33	 89.71	 67.32	 17.53	 35.66
232	209.13	137.79	 93.79	 73.38	 28.94	 44.12
233	 16.33	 50.77	 69.37	 27.69	-44.87	-20.51
234	 34.29	 82.99	 91.92	 41.19	-48.17	-12.82
235	 59.11	100.55	 93.25	 48.84	-38.51	 -0.16
236	 85.16	115.80	 95.21	 55.91	-28.36	 11.24
237	110.44	126.52	 94.37	 61.17	-17.41	 21.85
238	140.34	139.88	 95.80	 67.59	 -6.91	 32.52
239	175.00	152.15	 99.13	 73.70	  3.79	 41.44
240	213.91	163.65	103.24	 80.09	 15.66	 49.94
241	 17.61	 61.20	 74.55	 33.38	-60.68	-15.68
242	 34.18	 95.05	 93.54	 46.37	-64.24	 -5.48
243	 59.31	114.62	 96.53	 54.10	-53.57	  6.91
244	 85.77	131.61	 99.30	 60.92	-42.65	 17.59
245	112.40	145.82	101.52	 66.76	-31.48	 27.07
246	141.65	160.11	104.02	 72.66	-20.69	 36.41
247	176.05	172.99	107.48	 78.23	 -8.93	 44.79
248	218.22	188.62	112.81	 85.01	  2.72	 53.90
249	 19.00	 68.66	 75.08	 36.70	-71.60	 -9.45
250	 31.88	102.37	 86.43	 48.56	-79.77	  4.97
251	 53.56	126.28	 92.83	 56.97	-71.61	 16.46
252	 79.87	147.02	100.15	 64.18	-60.39	 25.41
253	109.80	165.80	107.64	 71.32	-48.98	 33.32
254	144.58	182.49	113.56	 78.32	-35.23	 42.46
255	182.65	200.28	119.31	 84.88	-22.61	 51.06
256	226.12	220.95	128.78	 92.07	 -9.68	 57.83
257	 28.99	 23.58	 68.01	 12.50	 34.33	-45.13
258	 44.51	 24.23	 63.11	 17.40	 39.35	-32.78
259	 60.57	 25.84	 59.83	 22.36	 43.99	-21.68
260	 79.19	 27.86	 56.79	 27.68	 50.19	 -9.86
261	 99.96	 30.80	 56.18	 33.10	 57.13	  0.18
262	121.69	 33.26	 53.68	 38.22	 63.69	 11.48
263	143.22	 35.81	 48.97	 42.85	 69.87	 24.33
264	167.32	 37.68	 44.02	 47.40	 77.06	 37.51
265	 16.39	 27.61	 74.82	 13.57	 18.68	-48.62
266	 38.68	 34.43	 80.26	 20.98	 24.39	-40.05
267	 61.27	 41.60	 81.04	 27.89	 31.24	-28.73
268	 84.30	 46.53	 79.93	 33.84	 38.68	-17.30
269	104.97	 49.46	 75.08	 38.54	 45.64	 -5.47
270	127.59	 52.88	 71.21	 43.36	 52.75	  6.02
271	156.53	 58.50	 69.98	 49.91	 60.83	 17.81
272	189.06	 61.97	 66.54	 55.78	 70.39	 30.88
273	 13.63	 32.16	 77.74	 16.65	  4.31	-46.21
274	 35.99	 48.11	 92.47	 26.72	  6.39	-39.69
275	 61.53	 58.63	 94.76	 34.54	 13.56	-27.52
276	 87.31	 66.66	 94.44	 41.09	 22.53	-16.15
277	109.41	 71.41	 89.84	 45.81	 30.29	 -4.80
278	133.13	 76.85	 86.78	 50.85	 37.64	  6.41
279	164.26	 83.79	 86.90	 56.62	 46.53	 16.23
280	198.07	 87.52	 83.69	 61.83	 57.68	 28.21
281	 14.08	 39.47	 81.38	 21.23	-10.68	-41.59
282	 34.04	 58.34	 98.17	 31.17	-10.13	-35.64
283	 61.06	 74.07	102.67	 40.23	 -3.12	-22.80
284	 85.03	 83.18	102.25	 45.95	  6.01	-12.58
285	109.91	 90.85	 99.87	 51.18	 14.72	 -1.64
286	135.85	 97.67	 97.33	 56.16	 23.23	  9.31
287	168.58	106.11	 98.56	 61.94	 32.81	 18.74
288	203.85	112.74	 98.17	 67.48	 43.92	 29.10
289	 15.52	 48.46	 88.49	 25.56	-23.05	-38.84
290	 33.60	 73.32	105.97	 37.17	-27.13	-30.88
291	 60.78	 89.42	109.30	 45.28	-18.96	-18.48
292	 87.39	102.30	110.00	 51.95	 -9.47	 -7.17
293	111.07	110.72	107.92	 56.82	  0.26	  3.04
294	139.42	119.74	109.43	 62.65	  9.77	 11.90
295	174.04	130.74	111.59	 68.88	 19.52	 21.64
296	209.74	140.46	114.92	 74.81	 29.85	 30.14
297	 16.69	 55.44	 90.87	 30.11	-37.68	-33.25
298	 33.84	 86.71	113.04	 42.78	-43.14	-25.57
299	 61.65	105.47	116.61	 51.07	-33.87	-13.34
300	 86.44	117.60	116.16	 56.64	-23.97	 -2.54
301	112.58	129.05	116.10	 61.98	-13.88	  7.62
302	139.68	140.62	117.57	 67.48	 -4.55	 16.60
303	175.57	153.98	121.70	 73.76	  5.43	 25.14
304	213.76	164.97	125.54	 79.47	 16.75	 33.44
305	 18.49	 65.73	 97.23	 35.14	-52.26	-28.54
306	 36.89	100.36	118.72	 47.83	-55.71	-19.36
307	 63.91	121.70	121.69	 56.00	-48.05	 -6.93
308	 90.66	138.37	124.61	 62.93	-38.63	  3.82
309	117.56	152.18	126.55	 68.55	-28.55	 13.12
310	147.51	166.23	129.34	 74.41	-17.76	 21.92
311	179.89	176.78	131.47	 79.68	 -7.02	 30.13
312	219.29	191.18	136.34	 86.19	  4.24	 38.50
313	 20.77	 79.84	 99.14	 40.90	-68.00	-20.33
314	 34.85	110.29	109.23	 51.61	-75.00	 -7.20
315	 58.38	133.65	115.49	 59.73	-67.20	  4.02
316	 84.71	152.99	123.72	 66.68	-56.65	 11.93
317	114.30	170.47	132.63	 73.10	-44.34	 17.90
318	146.22	185.00	137.48	 78.93	-32.10	 25.90
319	183.99	202.08	141.84	 85.04	-20.13	 35.05
320	226.00	222.49	152.18	 91.82	 -8.24	 41.33
321	 33.22	 28.36	 88.67	 14.79	 42.32	-56.13
322	 48.10	 27.87	 80.16	 18.89	 44.53	-42.82
323	 64.68	 29.45	 76.61	 23.84	 48.32	-31.60
324	 83.27	 31.44	 73.05	 28.74	 53.47	-20.05
325	104.43	 33.40	 70.18	 34.14	 59.99	 -9.33
326	123.45	 36.04	 69.11	 38.79	 66.09	 -0.42
327	143.56	 37.59	 63.71	 43.07	 71.67	 11.54
328	167.28	 38.84	 58.06	 47.59	 78.43	 24.34
329	 17.58	 32.91	 97.98	 16.29	 26.64	-60.92
330	 41.31	 40.81	106.24	 23.58	 32.25	-54.24
331	 65.82	 45.93	104.18	 30.12	 37.43	-41.85
332	 90.24	 50.78	101.42	 36.27	 43.71	-29.26
333	111.35	 53.59	 97.05	 40.77	 50.31	-18.63
334	132.47	 55.64	 90.97	 44.98	 56.82	 -6.83
335	158.04	 60.28	 89.87	 50.11	 63.47	  3.55
336	187.59	 61.64	 81.84	 54.85	 72.23	 17.74
337	 15.04	 38.99	102.03	 19.39	 12.07	-57.73
338	 38.78	 54.73	119.96	 29.52	 12.56	-52.26
339	 68.31	 66.52	124.17	 37.91	 18.76	-40.23
340	 91.74	 71.51	119.47	 42.83	 26.36	-29.12
341	113.38	 75.47	114.00	 47.10	 33.70	-18.07
342	137.56	 80.10	109.56	 51.66	 41.34	 -7.29
343	166.94	 86.50	109.08	 57.46	 49.46	  2.36
344	197.66	 87.87	104.36	 62.07	 60.40	 13.41
345	 15.40	 46.03	107.30	 24.05	 -2.19	-54.39
346	 36.41	 66.64	128.08	 34.58	 -3.90	-49.31
347	 68.18	 82.22	132.53	 43.68	  2.61	-36.47
348	 93.47	 91.03	130.68	 49.33	 10.42	-25.30
349	116.28	 97.16	126.88	 53.86	 18.34	-15.36
350	143.42	104.94	124.60	 59.25	 26.62	 -4.55
351	172.24	111.26	124.12	 63.99	 34.93	  4.12
352	204.79	115.02	121.45	 68.55	 45.92	 14.17
353	 16.98	 53.84	113.44	 28.79	-16.29	-50.46
354	 36.53	 78.94	134.91	 39.65	-19.89	-44.38
355	 64.61	 93.85	135.66	 47.27	-12.48	-31.50
356	 91.46	106.35	136.30	 53.59	 -4.65	-20.55
357	116.32	115.58	136.20	 58.67	  4.38	-11.66
358	144.34	125.59	135.66	 64.09	 12.51	 -1.76
359	175.36	133.49	135.99	 69.13	 21.64	  7.08
360	209.78	142.66	138.35	 74.49	 31.25	 15.54
361	 18.72	 65.13	121.15	 33.77	-30.05	-46.94
362	 35.35	 93.34	140.52	 44.92	-36.34	-39.10
363	 64.58	110.41	141.94	 52.48	-28.49	-26.18
364	 91.70	123.72	142.11	 58.62	-19.62	-15.16
365	117.84	134.92	143.44	 64.18	-10.06	 -6.66
366	144.39	145.56	143.76	 69.43	 -0.70	  2.22
367	177.11	156.30	147.33	 75.01	  8.51	  9.90
368	213.40	166.82	151.38	 80.73	 18.85	 17.60
369	 20.07	 75.71	127.03	 39.25	-45.22	-41.60
370	 38.89	106.99	145.54	 50.48	-49.26	-32.00
371	 66.92	126.16	148.90	 58.02	-41.11	-20.62
372	 93.75	141.89	151.96	 64.38	-32.56	-10.81
373	118.86	153.69	152.25	 69.27	-23.56	 -2.28
374	148.76	167.60	155.53	 74.78	-13.43	  6.36
375	180.76	179.01	156.55	 79.89	 -4.26	 15.01
376	219.15	193.28	162.10	 85.63	  5.86	 22.66
377	 24.02	 94.48	129.44	 45.98	-62.26	-30.26
378	 41.58	122.49	138.35	 55.43	-65.60	-18.25
379	 67.33	145.18	145.98	 63.30	-59.54	 -8.77
380	 93.84	163.36	155.23	 70.07	-49.83	 -2.17
381	122.64	177.15	161.75	 75.64	-38.76	  4.47
382	153.91	192.22	169.09	 81.29	-27.32	 10.28
383	188.14	207.34	169.26	 87.00	-17.64	 20.88
384	227.68	226.11	179.47	 93.52	 -6.60	 27.14
385	 39.69	 33.16	112.07	 18.12	 51.97	-67.02
386	 53.91	 32.40	100.65	 21.73	 51.50	-53.25
387	 72.14	 34.19	 97.66	 26.55	 55.00	-42.93
388	 89.91	 36.05	 93.10	 31.08	 58.54	-31.52
389	107.43	 37.64	 87.85	 35.15	 62.59	-20.41
390	125.60	 39.35	 83.25	 39.40	 67.52	 -9.82
391	146.09	 41.44	 81.32	 43.74	 73.26	 -0.96
392	167.29	 41.50	 73.74	 47.48	 79.02	 11.16
393	 20.76	 39.96	123.33	 18.88	 35.38	-71.68
394	 49.27	 48.84	137.09	 27.49	 40.32	-65.56
395	 72.29	 51.99	130.15	 32.82	 42.94	-52.16
396	 93.32	 55.20	124.06	 37.66	 47.31	-40.37
397	114.53	 58.50	118.58	 42.36	 52.89	-30.14
398	137.82	 60.53	114.84	 46.99	 60.22	-19.55
399	165.00	 64.83	114.67	 52.23	 67.31	-10.48
400	187.43	 64.40	104.01	 55.61	 74.08	  2.70
401	 15.97	 44.92	128.67	 22.37	 21.16	-70.29
402	 42.39	 61.51	150.07	 32.72	 21.36	-65.47
403	 71.92	 71.01	148.98	 39.98	 25.10	-52.38
404	 95.66	 77.13	145.68	 45.13	 30.70	-41.49
405	117.66	 80.71	139.86	 48.97	 37.42	-31.40
406	142.85	 85.53	136.86	 53.75	 44.83	-20.92
407	171.96	 92.40	137.03	 59.16	 51.93	-11.57
408	197.76	 91.53	130.66	 62.33	 61.76	 -2.54
409	 16.46	 51.34	132.37	 26.24	  6.52	-65.26
410	 39.81	 73.57	157.02	 37.33	  3.39	-60.21
411	 71.65	 86.28	157.42	 45.00	  8.67	-47.05
412	 97.26	 96.43	158.39	 51.14	 14.60	-37.45
413	120.26	102.35	156.34	 55.48	 21.91	-28.86
414	146.78	109.08	153.94	 60.20	 29.96	-19.12
415	175.66	117.94	153.49	 66.00	 37.09	-10.38
416	204.81	119.97	151.68	 69.98	 47.52	 -2.61
417	 17.69	 60.16	140.68	 31.19	 -6.59	-62.98
418	 38.93	 87.18	165.85	 42.73	-12.55	-56.81
419	 70.24	100.58	164.55	 50.00	 -5.70	-43.69
420	 96.12	112.19	164.96	 55.96	  0.23	-33.88
421	123.40	123.31	168.24	 61.69	  8.21	-25.40
422	152.77	132.64	168.69	 67.06	 17.16	-16.22
423	179.52	138.23	164.23	 70.88	 25.00	 -7.05
424	210.69	143.70	164.99	 75.13	 35.04	  0.27
425	 19.69	 71.02	150.67	 36.62	-21.96	-58.91
426	 38.62	 99.57	169.63	 47.21	-28.99	-50.40
427	 68.60	115.24	169.83	 54.25	-21.24	-37.92
428	 96.25	129.10	172.20	 60.48	-13.71	-28.65
429	122.54	139.89	174.64	 65.81	 -5.17	-20.85
430	151.27	152.07	175.86	 71.34	  2.96	-11.81
431	179.30	159.24	174.91	 75.32	 11.78	 -3.98
432	213.17	169.49	178.75	 80.43	 21.03	  3.25
433	 22.53	 88.84	160.61	 43.59	-38.77	-53.41
434	 40.90	115.31	175.11	 53.22	-42.58	-44.24
435	 70.71	133.20	177.96	 60.39	-35.48	-33.12
436	 98.72	148.01	179.18	 66.45	-27.52	-22.79
437	123.23	159.68	181.96	 71.45	-19.44	-15.90
438	150.27	170.16	182.94	 76.11	-10.13	 -7.75
439	182.84	182.51	185.26	 81.53	 -0.70	  0.44
440	219.12	195.29	191.50	 87.11	  8.74	  7.38
441	 28.53	108.40	161.69	 50.70	-55.12	-41.10
442	 46.58	132.81	170.87	 58.86	-57.51	-31.23
443	 70.64	152.47	179.41	 65.53	-51.70	-23.68
444	 96.89	168.54	187.15	 71.43	-42.93	-17.08
445	125.49	181.13	190.91	 76.64	-32.85	 -9.63
446	155.45	195.25	195.82	 81.77	-23.12	 -2.47
447	191.16	211.72	201.41	 87.68	-13.43	  4.94
448	228.23	229.19	206.21	 93.08	 -4.37	 13.10
449	 63.89	 43.33	141.80	 26.16	 60.48	-70.46
450	 74.38	 40.86	127.48	 27.88	 61.06	-58.77
451	 87.44	 40.71	118.47	 31.06	 62.79	-49.08
452	102.20	 41.22	112.44	 34.72	 65.35	-39.20
453	119.58	 42.90	108.03	 38.76	 68.67	-28.95
454	137.41	 44.96	104.63	 42.74	 72.51	-19.90
455	155.23	 46.90	101.09	 46.77	 76.75	-10.79
456	171.56	 47.31	 95.34	 49.80	 80.83	 -1.37
457	 28.06	 44.83	146.36	 21.56	 46.90	-81.56
458	 55.83	 51.23	151.82	 28.86	 49.09	-72.42
459	 72.97	 53.11	145.61	 32.74	 50.31	-62.33
460	 93.06	 55.40	141.15	 37.12	 53.96	-51.73
461	113.44	 57.34	137.02	 41.29	 59.03	-41.94
462	136.23	 61.39	135.56	 46.25	 64.17	-32.53
463	162.28	 66.26	134.38	 51.36	 69.41	-23.18
464	186.29	 67.17	129.91	 55.23	 76.43	-13.80
465	 17.86	 50.03	153.12	 23.96	 31.20	-80.43
466	 41.50	 60.62	163.59	 31.35	 30.17	-73.41
467	 71.08	 70.02	167.10	 38.88	 33.35	-62.69
468	 89.94	 73.46	162.80	 42.61	 37.28	-53.97
469	113.13	 76.26	157.10	 46.90	 45.28	-45.29
470	138.63	 82.50	157.71	 52.52	 50.97	-36.15
471	167.84	 89.22	159.25	 58.10	 57.61	-27.20
472	195.62	 91.70	157.58	 62.46	 66.43	-18.73
473	 17.61	 57.61	161.06	 28.86	 16.52	-77.89
474	 36.48	 72.56	173.54	 36.37	 12.47	-71.89
475	 66.54	 84.11	177.40	 43.69	 16.90	-61.45
476	 92.68	 92.60	177.69	 49.40	 22.88	-51.90
477	117.33	 99.07	177.16	 53.97	 29.40	-43.34
478	144.94	105.30	176.96	 58.99	 37.47	-34.21
479	174.42	111.41	177.45	 63.81	 45.36	-26.05
480	204.59	118.14	178.76	 68.72	 53.29	-18.16
481	 18.68	 66.76	170.16	 33.42	  1.73	-73.72
482	 38.55	 86.68	183.76	 42.01	 -3.21	-65.96
483	 66.55	 99.07	187.20	 48.68	  1.98	-56.75
484	 93.37	109.38	188.67	 54.24	  8.27	-47.38
485	118.01	116.10	188.58	 58.76	 16.10	-39.93
486	146.84	124.94	189.49	 63.99	 23.93	-31.28
487	179.75	134.97	190.62	 70.37	 32.78	-22.84
488	208.09	143.18	193.28	 75.42	 39.82	-15.69
489	 20.71	 78.79	179.31	 39.07	-13.12	-70.59
490	 36.40	100.51	191.23	 47.19	-19.87	-62.48
491	 70.56	119.14	197.39	 55.63	-13.39	-51.24
492	 95.27	129.90	199.52	 60.88	 -6.88	-43.38
493	118.54	137.70	199.82	 65.00	  0.72	-36.22
494	147.40	147.05	201.22	 70.15	  9.48	-28.10
495	179.51	159.18	205.34	 75.70	 16.88	-20.02
496	212.13	169.72	207.81	 80.73	 25.20	-12.23
497	 23.32	 95.43	193.11	 45.91	-29.09	-65.41
498	 44.33	123.54	205.35	 55.62	-36.23	-54.19
499	 71.32	138.59	209.33	 61.38	-29.06	-45.38
500	 95.02	149.54	211.28	 66.15	-21.89	-38.20
501	118.90	160.11	213.04	 70.65	-14.77	-31.29
502	149.61	170.87	214.82	 75.45	 -4.92	-23.29
503	181.40	181.49	217.30	 80.52	  3.72	-15.81
504	219.77	198.86	221.88	 86.70	 11.68	 -6.60
505	 35.38	124.23	206.58	 55.03	-42.17	-56.89
506	 53.12	146.08	214.05	 62.52	-46.09	-47.78
507	 77.85	163.92	218.87	 68.76	-42.58	-39.04
508	103.10	175.70	222.26	 73.61	-35.10	-31.93
509	130.71	188.32	225.12	 78.81	-26.61	-24.67
510	162.11	202.06	228.28	 84.02	-18.10	-16.59
511	193.61	216.72	232.59	 89.28	 -9.93	 -8.95
512	230.40	232.80	238.54	 94.85	 -1.67	 -0.96
513	 32.77	 30.86	 34.42	 17.95	  4.34	 -3.07
514	 70.63	 68.72	 69.20	 39.06	  3.03	  0.50
515	115.28	115.00	112.28	 58.19	  0.30	  2.94
516	164.40	165.64	165.48	 75.36	 -0.93	  1.17
517	 37.76	 18.84	 16.48	 14.10	 22.07	 13.46
518	114.17	 31.35	 20.70	 36.20	 55.69	 46.98
519	 17.28	 31.10	 23.81	 16.09	-22.56	  7.08
520	 22.76	 61.36	 36.95	 31.19	-58.42	 20.69
521	 21.68	 17.55	 35.03	  8.08	 17.16	-20.96
522	 32.71	 27.80	 88.47	 14.44	 42.23	-55.85
END_DATA
